5.779999992270423472e+07
5.442646541598688811e+07
5.115444774411461502e+07
4.798394690708740056e+07
4.491496290490525216e+07
4.194749573756816983e+07
3.908154540507616103e+07
3.631711190742921829e+07
3.365419524462734163e+07
3.109279541667053476e+07
2.863291242355878651e+07
2.627454626529210433e+07
2.401769694187049568e+07
2.186236445329394564e+07
1.980854879956247285e+07
1.785624998067605868e+07
1.600546799663471244e+07
1.425620284743843414e+07
1.260845453308722377e+07
1.106222305358107761e+07
9.617508408919999376e+06
8.274310599103987217e+06
7.032629624133042060e+06
5.892465484007163905e+06
4.853818178726350889e+06
3.916687708290606271e+06
3.081074072699927259e+06
2.346977271954314783e+06
1.714397306053769775e+06
1.183334174998290837e+06
7.537878787878786679e+05
4.257584174225334427e+05
1.992457909022545791e+05
7.424999922704238270e+04
5.077104239689690439e+04
1.288089204118180642e+05
3.083636332718058839e+05
5.894351809768603416e+05
9.720235635269812774e+05
1.456128780922169099e+06
2.041750833162423456e+06
2.728889720247744583e+06
3.517545442178132478e+06
4.407717998953586444e+06
5.399407390574106947e+06
6.492613617039696313e+06
7.687336678350349888e+06
8.983576574506072327e+06
1.038133330550685897e+07
1.188060687135271169e+07
1.348139727204363421e+07
1.518370450757961906e+07
1.698752857796067744e+07
1.889286948318680003e+07
2.089972722325798124e+07
2.300810179817423597e+07
2.521799320793555677e+07
2.752940145254194736e+07
2.994232653199340403e+07
3.245676844628992304e+07
3.507272719543150067e+07
5.737179706075137854e+07
5.401088881666029990e+07
5.075149740741427243e+07
4.759362283301332593e+07
4.453726509345743805e+07
4.158242418874662369e+07
3.872910011888088286e+07
3.597729288386019319e+07
3.332700248368458077e+07
3.077822891835403442e+07
2.833097218786854669e+07
2.598523229222813621e+07
2.374100923143278062e+07
2.159830300548249856e+07
1.955711361437728629e+07
1.761744105811713636e+07
1.577928533670205250e+07
1.404264645013203844e+07
1.240752439840709046e+07
1.087391918152720854e+07
9.441830799492388964e+06
8.111259252302640118e+06
6.882204539957957342e+06
5.754666662458342500e+06
4.728645619803791866e+06
3.804141411994309165e+06
2.981154039029893465e+06
2.259683500910544302e+06
1.639729797636261210e+06
1.121292929207045352e+06
7.043728956228955649e+05
3.889696968838127796e+05
1.750833329897966469e+05
6.271380394084711588e+04
5.186110973696423753e+04
1.425252503781479609e+05
3.347062258643984096e+05
6.284040361957154237e+05
1.023618681372099090e+06
1.520350161393549293e+06
2.118598476260066498e+06
2.818363625971649308e+06
3.619645610528300516e+06
4.522444429930017330e+06
5.526760084176801145e+06
6.632592573268651962e+06
7.839941897205566987e+06
9.148808055987551808e+06
1.055919104961460270e+07
1.207109087808671780e+07
1.368450754140390269e+07
1.539944103956615366e+07
1.721589137257347256e+07
1.913385854042585567e+07
2.115334254312330484e+07
2.327434338066581637e+07
2.549686105305340141e+07
2.782089556028605253e+07
3.024644690236376598e+07
3.277351507928655669e+07
3.540210009105440229e+07
5.694526928297359496e+07
5.359698730150877684e+07
5.035022215488902479e+07
4.720497384311433136e+07
4.416124236618471891e+07
4.121902772410017252e+07
3.837832991686068475e+07
3.563914894446626306e+07
3.300148480691690370e+07
3.046533750421261415e+07
2.803070703635339439e+07
2.569759340333924443e+07
2.346599660517015308e+07
2.133591664184613898e+07
1.930735351336718723e+07
1.738030721973329782e+07
1.555477776094447635e+07
1.383076513700072281e+07
1.220826934790203534e+07
1.068729039364841767e+07
9.267828274239866063e+06
7.949882989676378667e+06
6.733454539957957342e+06
5.618542925084604882e+06
4.605148145056317560e+06
3.693270199873097241e+06
2.882909089534944389e+06
2.174064814041857142e+06
1.566737373393836897e+06
1.060926767590883654e+06
6.566329966329967137e+05
3.538560605201764847e+05
1.525959592524228792e+05
5.285269282973599911e+04
5.462626125211576436e+04
1.579166645195621531e+05
3.627239026320752455e+05
6.690479755896548741e+05
1.076888883392300922e+06
1.586246626040014206e+06
2.197121203532794490e+06
2.909512615870640147e+06
3.723420863053552806e+06
4.638845945081532933e+06
5.655787861954579130e+06
6.774246613672693260e+06
7.994222200235872529e+06
9.315714621644118801e+06
1.073872387789743394e+07
1.226324996899581142e+07
1.388929289493925683e+07
1.561685265572776832e+07
1.744592925136134773e+07
1.937652268183999509e+07
2.140863294716370851e+07
2.354226004733248800e+07
2.577740398234633356e+07
2.811406475220524892e+07
3.055224235690922663e+07
3.309193679645827040e+07
3.573314807085238397e+07
5.652041658937089890e+07
5.318476087053234875e+07
4.995062198653884977e+07
4.681799993739043921e+07
4.378689472308706492e+07
4.085730634362878650e+07
3.802923479901555926e+07
3.530268008924740553e+07
3.267764221432431042e+07
3.015412117424628884e+07
2.773211696901333332e+07
2.541162959862543643e+07
2.319265906308261678e+07
2.107520536238485947e+07
1.905926849653216824e+07
1.714484846552454680e+07
1.533194526936198585e+07
1.362055890804449469e+07
1.201068938157207333e+07
1.050233668994471245e+07
9.095500833162423223e+06
7.790181811225200072e+06
6.586379624133041129e+06
5.484094271885951981e+06
4.483325754483926110e+06
3.584074071926970035e+06
2.786339224215078633e+06
2.090121211348254234e+06
1.495420033326496836e+06
1.002235690149806091e+06
6.105681818181817653e+05
3.204175083316241507e+05
1.317836696901333053e+05
4.466666589370905422e+04
5.906649694235145580e+04
1.749831628360604518e+05
3.924166635748361005e+05
7.113669991586784599e+05
1.131834169587587239e+06
1.653818174861563137e+06
2.277319014980605338e+06
3.002336689944713842e+06
3.828871199753889814e+06
4.756922544408132322e+06
5.786490723907439969e+06
6.917575738251816481e+06
8.150177587441259064e+06
9.484296271475767717e+06
1.091993179035534523e+07
1.245708414407998510e+07
1.409575333264969103e+07
1.583593935606447048e+07
1.767764221432431042e+07
1.962086190742921829e+07
2.166559843537919596e+07
2.381185179817423970e+07
2.605962199581434950e+07
2.840890902829952165e+07
3.085971289562976733e+07
3.341203359780507535e+07
3.606587113482544571e+07
5.609723897994329780e+07
5.277420952373100817e+07
4.955269690236376971e+07
4.643270111584160477e+07
4.341422216416450590e+07
4.049726004733248055e+07
3.768181476534552872e+07
3.496788631820362806e+07
3.235547470590680093e+07
2.984457992845504731e+07
2.743520198584834114e+07
2.512734087808671966e+07
2.292099660517015681e+07
2.081616916709866375e+07
1.881285856387223303e+07
1.691106479549087584e+07
1.511078786195457913e+07
1.341202776326335035e+07
1.181478449941718951e+07
1.031905807041609474e+07
8.924848476260066032e+06
7.632155716949104331e+06
6.440979792483210564e+06
5.351320702862382866e+06
4.363178448086621240e+06
3.476553028155926149e+06
2.691444443070297595e+06
2.007852692829736043e+06
1.425777777434241259e+06
9.452196968838127796e+05
5.661784511784511851e+05
2.886540403181562433e+05
1.126464643029279396e+05
3.815572313276629575e+04
6.518181680767132639e+04
1.937247453276429733e+05
4.237845086926812655e+05
7.553611069027862977e+05
1.188454539957957575e+06
1.723064807858196320e+06
2.359191910603501368e+06
3.096835848193872720e+06
3.935996620629310608e+06
4.876674227909815498e+06
5.918868670035388321e+06
7.062579947006026283e+06
8.307808058821729384e+06
9.654553005482502282e+06
1.110281478698834218e+07
1.265259340333924629e+07
1.430388885453521647e+07
1.605670114057625458e+07
1.791103026146236062e+07
1.986687621719353274e+07
2.192423900776977092e+07
2.408311863319107518e+07
2.634351509345743805e+07
2.870542838856888562e+07
3.116885851852538809e+07
3.373380548332695663e+07
3.640026928297359496e+07
5.567573645469076931e+07
5.236533326110474765e+07
4.915644690236376226e+07
4.604907737846787274e+07
4.304322468941704184e+07
4.013888883521127701e+07
3.733606981585057080e+07
3.463476763133494556e+07
3.203498228166438267e+07
2.953671376683887839e+07
2.713996208685844764e+07
2.484472724172308296e+07
2.265100923143278062e+07
2.055880805598754808e+07
1.856812371538738534e+07
1.667895620963228866e+07
1.489130553872225620e+07
1.320517170265729167e+07
1.162055470143739134e+07
1.013745453506255895e+07
8.755871203532794490e+06
7.475804706848094240e+06
6.297255045008461922e+06
5.220222218013896607e+06
4.244706225864399225e+06
3.370707068559966050e+06
2.598224746100600343e+06
1.927259258486301405e+06
1.357810605717069237e+06
8.898787877929037204e+05
5.234638047138047405e+05
2.585656564797724131e+05
9.518434309080673847e+04
3.331986454690770915e+04
7.297222084807534702e+04
2.141414119943096302e+05
4.568274379856105079e+05
8.010302988219782710e+05
1.246749994503412163e+06
1.793986525029912824e+06
2.442739890401480719e+06
3.193010090618115384e+06
4.044797125679815654e+06
4.998100995586582460e+06
6.052921700338416733e+06
7.209259239935318939e+06
8.467113614377286285e+06
9.826484823664320633e+06
1.128737286779642105e+07
1.284977774677358754e+07
1.451369946059582010e+07
1.627913800926312059e+07
1.814609339277548715e+07
2.011456561113292351e+07
2.218455466433542594e+07
2.435606055238299444e+07
2.662908327527561784e+07
2.900362283301332965e+07
3.147967922559609637e+07
3.405725245302392542e+07
3.673634251529682428e+07
5.525590901361332834e+07
5.195813208265354484e+07
4.876187198653885722e+07
4.566712872526922077e+07
4.267390229884465039e+07
3.978219270726514608e+07
3.699199995053070784e+07
3.430332402864134312e+07
3.171616494159703329e+07
2.923052268939780816e+07
2.684639727204363793e+07
2.456378868953453004e+07
2.238269694187049568e+07
2.030312202905152738e+07
1.832506395107762143e+07
1.644852270794878714e+07
1.467349829966501705e+07
1.299999072622631304e+07
1.142799998763267696e+07
9.957526083884108812e+06
8.588569014980604872e+06
7.321128780922168866e+06
6.155205381708798930e+06
5.090798817340495996e+06
4.127909087817260064e+06
3.266536193139090203e+06
2.506680133305987809e+06
1.848340908317951718e+06
1.291518518174981698e+06
8.362129628770787967e+05
4.824242424242424313e+05
2.301523568164727476e+05
7.939730605376968742e+04
3.015909013613329080e+04
8.243770906356358319e+04
2.362331628360604227e+05
4.915454514536240022e+05
8.483745749162544962e+05
1.306720533223950770e+06
1.866583326376714511e+06
2.527962954374544788e+06
3.290859417217441369e+06
4.155272714905404486e+06
5.121202847438434139e+06
6.188649814816531725e+06
7.357613617039697245e+06
8.628094254107926041e+06
1.000009172602122463e+07
1.147360603277958930e+07
1.304863717438301630e+07
1.472518515083151124e+07
1.650324996212507784e+07
1.838283160826370865e+07
2.036393008924740180e+07
2.244654540507616475e+07
2.463067755574999750e+07
2.691632654126888886e+07
2.930349236163285747e+07
3.179217501684188843e+07
3.438237450689598173e+07
3.707409083179514110e+07
5.483775665671096742e+07
5.155260598837746680e+07
4.836897215488902479e+07
4.528685515624566376e+07
4.230625499244734645e+07
3.942717166349410266e+07
3.664960516938593239e+07
3.397355551012282073e+07
3.139902268570477888e+07
2.892600669613181055e+07
2.655450754140390083e+07
2.428452522152106464e+07
2.211605973648328334e+07
2.004911108629058301e+07
1.808367927094294131e+07
1.621976429044036940e+07
1.445736614478285983e+07
1.279648483397042193e+07
1.123712035800305009e+07
9.779272716880742460e+06
8.422941910603502765e+06
7.168127939171328209e+06
6.014830802584220655e+06
4.963050500842180103e+06
4.012787033945206553e+06
3.164040401893299539e+06
2.416810604686458595e+06
1.771097642324685585e+06
1.226901514807978412e+06
7.842222221363382414e+05
4.430597643097642576e+05
2.034141413282572175e+05
6.528535319181682280e+04
2.867339990044304795e+04
9.357828145413598395e+04
2.599999978528954380e+05
5.279385490967216901e+05
8.973939351856145076e+05
1.368366156119574094e+06
1.940855211898599984e+06
2.614861102522692643e+06
3.390383827991852537e+06
4.267423388306078501e+06
5.245979783465370536e+06
6.326053013469730504e+06
7.507643078319156542e+06
8.790749978013649583e+06
1.017537371255320869e+07
1.166151428193783574e+07
1.324917168616752699e+07
1.493834592524228804e+07
1.672903699916211516e+07
1.862124490792700648e+07
2.061496965153696388e+07
2.271021122999199107e+07
2.490696964329208061e+07
2.720524489143723994e+07
2.960503697442746907e+07
3.210634589226276055e+07
3.470917164494311810e+07
3.741351423246854544e+07
5.442127938398370147e+07
5.114875497827645391e+07
4.797774740741427243e+07
4.490825667139716446e+07
4.194028277022512257e+07
3.907382570389814675e+07
3.630888547241622955e+07
3.364546207577938586e+07
3.108355551398761198e+07
2.862316578704089671e+07
2.626429289493925497e+07
2.400693683768267930e+07
2.185109761527116969e+07
1.979677522770472243e+07
1.784396967498334870e+07
1.599268095710703358e+07
1.424290907407579385e+07
1.259465402588961460e+07
1.104791581254850142e+07
9.602694434052459896e+06
8.258989890401479788e+06
7.016802181595570408e+06
5.876131307634725235e+06
4.836977268518947996e+06
3.899340064248237293e+06
3.063219694822592195e+06
2.328616160242014565e+06
1.695529460506503470e+06
1.163959595616059145e+06
7.339065655706814723e+05
4.053703703703703359e+05
1.783510100151258521e+05
5.284848450494812278e+04
2.886279383983699518e+04
1.063939380197925348e+05
2.854419170448146178e+05
5.660067309149034554e+05
9.480883796300588874e+05
1.431686863190280972e+06
2.016802181595569942e+06
2.703434334845925216e+06
3.491583322941347491e+06
4.381249145881836303e+06
5.372431803667391650e+06
6.465131296298014000e+06
7.659347623773703352e+06
8.955080786094456911e+06
1.035233078326027840e+07
1.185109761527116969e+07
1.345138128212712333e+07
1.515318178382814489e+07
1.695649912037423253e+07
1.886133329176539183e+07
2.086768429800161347e+07
2.297555213908290118e+07
2.518493681500925496e+07
2.749583832578067482e+07
2.990825667139716819e+07
3.242219185185872018e+07
3.503764386716534197e+07
3.775461271731702238e+07
5.400647719543150812e+07
5.074657905235052109e+07
4.758819774411462247e+07
4.453133327072376013e+07
4.157598563217798620e+07
3.872215482847727090e+07
3.596984085962162167e+07
3.331904372561104223e+07
3.076976342644552141e+07
2.832199996212507784e+07
2.597575333264969289e+07
2.373102353801937774e+07
2.158781057823413610e+07
1.954611445329394937e+07
1.760593516319883242e+07
1.576727270794878528e+07
1.403012708754380420e+07
1.239449830198389105e+07
1.086038635126904212e+07
9.427791235399261117e+06
8.096712954374544322e+06
6.867151508194897324e+06
5.739106896860313602e+06
4.712579120370800607e+06
3.787568178726351354e+06
2.964074071926969569e+06
2.242096799972654320e+06
1.621636362863405840e+06
1.102692760599224363e+06
6.852659931801090715e+05
3.693560606060606078e+05
1.549629628770787967e+05
4.208669999316363101e+04
3.072727195431511427e+04
1.208846787605332647e+05
3.125589204118180205e+05
6.057499969081693562e+05
1.000457908249587519e+06
1.496682654436072102e+06
2.094424235467623919e+06
2.793682651344241574e+06
3.594457902065926697e+06
4.496749987632677890e+06
5.500558908044495620e+06
6.605884663301380351e+06
7.812727253403331153e+06
9.121086678350348026e+06
1.053096293814243563e+07
1.204235603277958930e+07
1.365526596226180345e+07
1.536969272658908926e+07
1.718563632576143742e+07
1.910309675977885723e+07
2.112207402864134312e+07
2.324256813234889880e+07
2.546457907090150565e+07
2.778810684429919720e+07
3.021315145254194364e+07
3.273971289562976733e+07
3.536779117356264591e+07
3.809738628634060174e+07
5.359335009105440229e+07
5.034607821059969813e+07
4.720032316499003768e+07
4.415608495422544330e+07
4.121336357830592245e+07
3.837215903723147511e+07
3.563247133100209385e+07
3.299430045961777121e+07
3.045764642307851836e+07
2.802250922138433158e+07
2.568888885453521460e+07
2.345678532253116369e+07
2.132619862537217513e+07
1.929712876305826381e+07
1.736957573558940738e+07
1.554353954296562076e+07
1.381902018518690206e+07
1.219601766225324944e+07
1.067453197416466661e+07
9.254563120921146125e+06
7.936111102522692643e+06
6.719175918969307095e+06
5.603757570260987617e+06
4.589856056397736073e+06
3.677471377379549667e+06
2.866603533206430729e+06
2.157252523878377862e+06
1.549418349395392230e+06
1.043101009757473483e+06
6.383005049646210391e+05
3.350168350168350735e+05
1.332499999141158187e+05
3.299999965646328928e+04
3.426683424387738341e+04
1.370505036763582029e+05
3.413510079539055005e+05
6.471683470765197417e+05
1.054502521044200286e+06
1.563353529856947483e+06
2.173721373514762148e+06
2.885606052017642185e+06
3.699007565365590155e+06
4.613925913558604196e+06
5.630361096596684307e+06
6.748313114479832351e+06
7.967781967208045535e+06
9.288767654781324789e+06
1.071127017719967477e+07
1.223528953446308896e+07
1.386082572657157108e+07
1.558787875352511369e+07
1.741644861532372981e+07
1.934653531196741015e+07
2.137813884345616028e+07
2.351125920978997275e+07
2.574589641096884757e+07
2.808205044699279591e+07
3.051972131786181405e+07
3.305890902357588708e+07
3.569961356413504481e+07
3.844183493953925371e+07
5.318189807085238397e+07
4.994725245302392542e+07
4.681412367004053295e+07
4.378251172190222144e+07
4.085241660860896111e+07
3.802383833016077429e+07
3.529677688655764610e+07
3.267123227779959142e+07
3.014720450388660282e+07
2.772469356481867656e+07
2.540369946059582010e+07
2.318422219121803343e+07
2.106626175668531284e+07
1.904981815699765459e+07
1.713489139215506613e+07
1.532148146215754002e+07
1.360958836700508371e+07
1.199921210669769347e+07
1.049035268123537302e+07
9.083010090618114918e+06
7.777184334845924750e+06
6.572875413918802515e+06
5.470083327836746350e+06
4.468808076599755324e+06
3.569049660207832698e+06
2.770808078660976142e+06
2.074083331959186587e+06
1.478875420102462871e+06
9.851843430908067385e+05
5.930101009242169093e+05
3.023526936026936164e+05
1.132121211262370198e+05
2.558838349484711944e+04
3.948148070852386445e+04
1.548914127672673203e+05
3.718181796710772905e+05
6.902617814199541463e+05
1.110222218013897538e+06
1.631699489452907117e+06
2.254693595736984164e+06
2.979204536866127048e+06
3.805232312840336934e+06
4.732776923659614287e+06
5.761838369323956780e+06
6.892416649833365344e+06
8.124511765187842771e+06
9.458123715387387201e+06
1.089325250043199770e+07
1.242989812032167427e+07
1.406806057505641691e+07
1.580773986463622376e+07
1.764893598906110227e+07
1.959164894833104685e+07
2.163587874244605750e+07
2.378162537140613422e+07
2.602888883521127701e+07
2.837766913386148214e+07
3.082796626735676080e+07
3.337978023569710553e+07
3.603311103888251632e+07
3.878795867691298574e+07
5.277212113482544571e+07
4.955010177962324768e+07
4.642959925926612318e+07
4.341061357375406474e+07
4.049314472308707237e+07
3.767719270726513863e+07
3.496275752628828585e+07
3.234983918015649170e+07
2.983843766886976734e+07
2.742855299242810532e+07
2.512018515083151311e+07
2.291333414407998323e+07
2.080799997217352316e+07
1.880418263511213288e+07
1.690188213289580494e+07
1.510109846552454308e+07
1.340183163299834915e+07
1.180408163531722501e+07
1.030784847248116322e+07
8.913132144490169361e+06
7.619932651344240643e+06
6.428249993043380789e+06
5.338084169587587006e+06
4.349435180976860225e+06
3.462303027211199980e+06
2.676687708290605806e+06
1.992589224215078633e+06
1.410007574984617764e+06
9.289427605992241297e+05
5.493947810588970315e+05
2.713636363636363531e+05
9.484932651344241458e+04
1.985185150831513602e+04
4.637121134825448826e+04
1.744074060332605732e+05
4.039604355633330997e+05
7.350302999384725699e+05
1.167616999158678576e+06
1.701720533223951003e+06
2.337340902134289965e+06
3.074478105889696628e+06
3.913132144490168896e+06
4.853303017935708165e+06
5.894990726226313971e+06
7.038195269361985847e+06
8.282916647342727520e+06
9.629154860168531537e+06
1.107690990783940442e+07
1.262618179035534523e+07
1.427697050771634839e+07
1.602927605992242135e+07
1.788309844697355852e+07
1.983843766886976361e+07
2.189529372561104223e+07
2.405366661719738320e+07
2.631355634362878278e+07
2.867496290490525216e+07
3.113788630102679506e+07
3.370232653199339658e+07
3.636828359780507535e+07
3.913575749846181273e+07
5.236401928297359496e+07
4.915462619039766490e+07
4.604674993266680092e+07
4.304039050978100300e+07
4.013554792174027115e+07
3.733222216854461282e+07
3.463041325019401312e+07
3.203012116668847948e+07
2.953134591802801564e+07
2.713408750421262160e+07
2.483834592524228618e+07
2.264412118111702427e+07
2.055141327183682472e+07
1.856022219740169495e+07
1.667054795781162754e+07
1.488239055306663178e+07
1.319574998316669837e+07
1.161062624811183661e+07
1.012701934790203720e+07
8.744929282537307590e+06
7.464356052017642185e+06
6.285299656343044713e+06
5.207760095513512380e+06
4.231737369529047981e+06
3.357231478389650118e+06
2.584242422095319256e+06
1.912770200646054931e+06
1.342814814041857142e+06
8.743762622827257728e+05
5.074545453686613473e+05
2.420496632996633125e+05
7.816161607573200308e+04
1.579040369686732265e+04
5.493602616306931304e+04
1.955984834743380197e+05
4.377777756306731608e+05
7.814739026320751291e+05
1.226686864478543634e+06
1.773416661170078442e+06
2.421663292706680950e+06
3.171426759088349529e+06
4.022707060315084644e+06
4.975504196386886761e+06
6.029818167303754948e+06
7.185648973065689206e+06
8.442996613672692329e+06
9.801861089124759659e+06
1.126224239942189492e+07
1.282414054456409812e+07
1.448755552455136366e+07
1.625248733938370086e+07
1.811893598906110227e+07
2.008690147358357161e+07
2.215638379295110703e+07
2.432738294716370851e+07
2.659989893622137234e+07
2.897393176012410969e+07
3.144948141887191683e+07
3.402654791246478260e+07
3.670513124090271443e+07
3.948523140418571979e+07
5.195759251529682428e+07
4.876082568534716219e+07
4.566557569024255872e+07
4.267184252998302132e+07
3.977962620456854999e+07
3.698892671399915218e+07
3.429974405827482045e+07
3.171207823739554733e+07
2.922592925136135146e+07
2.684129710017221794e+07
2.455818178382814303e+07
2.237658330232914165e+07
2.029650165567521006e+07
1.831793684386634082e+07
1.644088886690253764e+07
1.466535772478380427e+07
1.299134341751013510e+07
1.141884594508153200e+07
9.947865307497996837e+06
8.578401504759527743e+06
7.310454536866127513e+06
6.144024403817793354e+06
5.079111105614522472e+06
4.115714642256321386e+06
3.253835013743186370e+06
2.493472220075117890e+06
1.834626261252115946e+06
1.277297137274180306e+06
8.214848481413117843e+05
4.671893938535097986e+05
2.144107744107744365e+05
6.314898981310572708e+04
1.340404006050368480e+04
6.517592515296828060e+04
2.184646450904996309e+05
4.732701998730974155e+05
8.295925895007620566e+05
1.287431813973493408e+06
1.846787873291290598e+06
2.507660767454155721e+06
3.270050496462087147e+06
4.133957060315084644e+06
5.099380459013149142e+06
6.166320692556279711e+06
7.334777760944479145e+06
8.604751664177741855e+06
9.976242402256073430e+06
1.144924997517947108e+07
1.302377438294793665e+07
1.469981562556146830e+07
1.647737370302006416e+07
1.835644861532372609e+07
2.033704036247246340e+07
2.241914894446625188e+07
2.460277436130512133e+07
2.688791661298905313e+07
2.927457569951804727e+07
3.176275162089211494e+07
3.435244437711124122e+07
3.704365396817544103e+07
3.983638039408470690e+07
5.155284083179514855e+07
4.836870026447173953e+07
4.528607653199340403e+07
4.230496963436011970e+07
3.942537957157192379e+07
3.664730634362878650e+07
3.397074995053070784e+07
3.139571039227770641e+07
2.892218766886976734e+07
2.655018178030689433e+07
2.427969272658908740e+07
2.211072050771634653e+07
2.004326512368867919e+07
1.807732657450607046e+07
1.621290486016853154e+07
1.444999998067605868e+07
1.278861193602865562e+07
1.122874072622631490e+07
9.770386351269040257e+06
8.413548811156835407e+06
7.158228105889696628e+06
6.004424235467623919e+06
4.952137199890618213e+06
4.001366999158678111e+06
3.152113633271805942e+06
2.404377102229999844e+06
1.758157406033260515e+06
1.213454544681587489e+06
7.702685181749816984e+05
4.285993265134425019e+05
1.884469696969696961e+05
4.981144772556363023e+04
1.269276059922422064e+04
7.709090831795145641e+04
2.430058908817454067e+05
5.104377082906058640e+05
8.793863605445331195e+05
1.349851847643526969e+06
1.921834169587587006e+06
2.595333326376714278e+06
3.370349318010908552e+06
4.246882144490169361e+06
5.224931805814496242e+06
6.304498301983890124e+06
7.485581632998351008e+06
8.768181798857877031e+06
1.015229879956247285e+07
1.163793263511213101e+07
1.322508330550686084e+07
1.491375081074665301e+07
1.670393515083151311e+07
1.859563632576143742e+07
2.058885433553643525e+07
2.268358918015649542e+07
2.487984085962162167e+07
2.717760937393181771e+07
2.957689472308707237e+07
3.207769690708739683e+07
3.468001592593279481e+07
3.738385177962325513e+07
4.018920446815878153e+07
5.114976423246854544e+07
4.797824992777139693e+07
4.490825245791932940e+07
4.193977182291232049e+07
3.907280802275037766e+07
3.630736105743349344e+07
3.364343092696169019e+07
3.108101763133494183e+07
2.862012117055326700e+07
2.626074154461665824e+07
2.400287875352511182e+07
2.184653279727863893e+07
1.979170367587722838e+07
1.783839138932088763e+07
1.598659593760961108e+07
1.423631732074339874e+07
1.258755553872225620e+07
1.104031059154617973e+07
9.594582479215171188e+06
8.250371201729225926e+06
7.007676759088348597e+06
5.866499151292538270e+06
4.826838378341796808e+06
3.888694440236119088e+06
3.052067336975509301e+06
2.316957068559966516e+06
1.683363634989489336e+06
1.151287036264079390e+06
7.207272723837359808e+05
3.916843433484592242e+05
1.641582491582491202e+05
3.814898981310571980e+04
1.365656531302893563e+04
9.068097565801881137e+04
2.692222208480754634e+05
5.492803008831983898e+05
9.308552157633882016e+05
1.413946965488644782e+06
1.998555550058967667e+06
2.684680969474357553e+06
3.472323223734814674e+06
4.361482312840336934e+06
5.352158236790927127e+06
6.444350995586583391e+06
7.638060589227306657e+06
8.933287017713095993e+06
1.033003028104395233e+07
1.182829037921987288e+07
1.342806731224086694e+07
1.512936108010691963e+07
1.693217168281804025e+07
1.883649912037423253e+07
2.084234339277549088e+07
2.294970450002181157e+07
2.515858244211320579e+07
2.746897721904965863e+07
2.988088883083118126e+07
3.239431727745776623e+07
3.500926255892942846e+07
3.772572467524614930e+07
4.054370362640793622e+07
5.074836271731702983e+07
4.758947467524614185e+07
4.453210346802032739e+07
4.157624909563960135e+07
3.872191155810391158e+07
3.596909085541329533e+07
3.331778698756774887e+07
3.076799995456726477e+07
2.831972975641185418e+07
2.597297639310150966e+07
2.372773986463622376e+07
2.158402017101601139e+07
1.954181731224086508e+07
1.760113128831078112e+07
1.576196209922576882e+07
1.402430974498582445e+07
1.238817422559094243e+07
1.085355554104112834e+07
9.420453691336380318e+06
8.088868676476701163e+06
6.858800496462087147e+06
5.730249151292539202e+06
4.703214640968058258e+06
3.777696965488644317e+06
2.953696124854297377e+06
2.231212119065016508e+06
1.610244948120802641e+06
1.090794612021655077e+06
6.728611107675743988e+05
3.564444443585603731e+05
1.415446127946127963e+05
2.816161607573199217e+04
1.629545420191781704e+04
1.059461271731703018e+05
2.971136349894895102e+05
5.897979776508752257e+05
9.839991551573276520e+05
1.479717167508846615e+06
2.076952014705432113e+06
2.775703696747084614e+06
3.575972213633803651e+06
4.477757565365589224e+06
5.481059751942441799e+06
6.585878773364359513e+06
7.792214629631347023e+06
9.100067320743400604e+06
1.050943684670051746e+07
1.202032320750270598e+07
1.363272640314995684e+07
1.534664643364227563e+07
1.716208329897966236e+07
1.907903699916211143e+07
2.109750753418963403e+07
2.321749490406221896e+07
2.543899910877986997e+07
2.776202014834258705e+07
3.018655802275037020e+07
3.271261273200322315e+07
3.534018427610114962e+07
3.806927265504413843e+07
4.089987786883217841e+07
5.034863628634059429e+07
4.720237450689598173e+07
4.415762956229642779e+07
4.121440145254194736e+07
3.837269017763252556e+07
3.563249573756817728e+07
3.299381813234889507e+07
3.045665736197467521e+07
2.802101342644552141e+07
2.568688632576144114e+07
2.345427605992241949e+07
2.132318262892846763e+07
1.929360603277958184e+07
1.736554627147576958e+07
1.553900334501701593e+07
1.381397725340333208e+07
1.219046799663471431e+07
1.066847557471116260e+07
9.247999987632676959e+06
7.929041235399259254e+06
6.711599318010909483e+06
5.595674235467623919e+06
4.581265987769405358e+06
3.668374574916254263e+06
2.856999996908169240e+06
2.147142253745151218e+06
1.538801345427199733e+06
1.031977271954315016e+06
6.266700333264969522e+05
3.228796295437454828e+05
1.206060606060606078e+05
1.984932651344241822e+04
2.060942726589087761e+04
1.228863628634059569e+05
3.266801333059877506e+05
6.319907385936360806e+05
1.038818178726351354e+06
1.547162453704132931e+06
2.157023563526980579e+06
2.868401508194895927e+06
3.681296287707877345e+06
4.595707902065926231e+06
5.611636351269040257e+06
6.729081635317223147e+06
7.948043754210471176e+06
9.268522707948785275e+06
1.069051849653216638e+07
1.221403111996061727e+07
1.383906057823413424e+07
1.556560687135271356e+07
1.739366999931636080e+07
1.932324996212507412e+07
2.135434675977886096e+07
2.348696039227770641e+07
2.572109085962162167e+07
2.805673816181060299e+07
3.049390229884465039e+07
3.303258327072376385e+07
3.567278107744794339e+07
3.841449571901718527e+07
4.125772719543150067e+07
4.995058493953925371e+07
4.681694942272089422e+07
4.378483074074760079e+07
4.085422889361938834e+07
3.802514388133623451e+07
3.529757570389813930e+07
3.267152436130512133e+07
3.014698985355716571e+07
2.772397218065427616e+07
2.540247134259645268e+07
2.318248733938370273e+07
2.106402017101601139e+07
1.904706983749338984e+07
1.713163633881583810e+07
1.531771967498334683e+07
1.360531984599592537e+07
1.199443685185356811e+07
1.048507069255628064e+07
9.077221368104057387e+06
7.770888878496902995e+06
6.566073223734813742e+06
5.462774403817792423e+06
4.460992418745837174e+06
3.560727268518947996e+06
2.761978953137125354e+06
2.064747472600369947e+06
1.469032826908681309e+06
9.748350160620592069e+05
5.821540400605035247e+05
2.909898989040148444e+05
1.013425925925925985e+05
1.321212112623703433e+04
2.659848450494811914e+04
1.415016827287258639e+05
3.579217157975703594e+05
6.758585837114813039e+05
1.095312286470458843e+06
1.616282824074503267e+06
2.238770196523614228e+06
2.962774403817791492e+06
3.788295445957035758e+06
4.715333322941347025e+06
5.743888034770725295e+06
6.873959581445169635e+06
8.105547962964680046e+06
9.438653179329257458e+06
1.087327523053890280e+07
1.240941411659361236e+07
1.404706983749339171e+07
1.578624239323823340e+07
1.762693178382814676e+07
1.956913800926312059e+07
2.161286106954316795e+07
2.375810096466827765e+07
2.600485769463846087e+07
2.835313125945370644e+07
3.080292165911400691e+07
3.335422889361938834e+07
3.600705296296983212e+07
3.876139386716534942e+07
4.161725160620591789e+07
4.955420867691299319e+07
4.643319942272090167e+07
4.341370700337386131e+07
4.049573141887190938e+07
3.767927266921502352e+07
3.496433075440318882e+07
3.235090567443643510e+07
2.983899742931474373e+07
2.742860601903811842e+07
2.511973144360655546e+07
2.291237370302006975e+07
2.080653279727863893e+07
1.880220872638228163e+07
1.689940149033098668e+07
1.509811108912475966e+07
1.339833752276360057e+07
1.180008079124750942e+07
1.030334089457648247e+07
8.908117832750521600e+06
7.614411605769629590e+06
6.422222213633803651e+06
5.331549656343044713e+06
4.342393933897351846e+06
3.454755046296725515e+06
2.668632993541166186e+06
1.984027775630673161e+06
1.400939392565246904e+06
9.193678443448874168e+05
5.393131309695945820e+05
2.607752524393683998e+05
8.375420875420876837e+04
8.249999914115820502e+03
3.426262591908953618e+04
1.617920867691298772e+05
3.908383824642369291e+05
7.214015130044105463e+05
1.153481478389651049e+06
1.687078278619958088e+06
2.322191913695331197e+06
3.058822383615771774e+06
3.896969688381278422e+06
4.836633827991852537e+06
5.877814802447493188e+06
7.020512611748199910e+06
8.264727255893972702e+06
9.610458734884813428e+06
1.105770704872071929e+07
1.260647219740169495e+07
1.425675418092773482e+07
1.600855299929884076e+07
1.786186865251501277e+07
1.981670114057625085e+07
2.187305046348256245e+07
2.403091662123393640e+07
2.629029961383038014e+07
2.865119944127187878e+07
3.111361610355845094e+07
3.367754960069009662e+07
3.634299993266679347e+07
3.910996709948857874e+07
4.197845110115541518e+07
4.915950749846181273e+07
4.605112450689598173e+07
4.304425835017520934e+07
4.013890902829952538e+07
3.733507654126889259e+07
3.463276088908332586e+07
3.203196207174283639e+07
2.953268008924740180e+07
2.713491494159704447e+07
2.483866662879174203e+07
2.264393515083150938e+07
2.055072050771634653e+07
1.855902269944625348e+07
1.666884172602122091e+07
1.488017758744126000e+07
1.319303028370636143e+07
1.160739981481653452e+07
1.012328618077176623e+07
8.740689381572071463e+06
7.459609417217441835e+06
6.280046287707878277e+06
5.201999993043380789e+06
4.225470533223951235e+06
3.350457908249587752e+06
2.576962118120290805e+06
1.904983162836060161e+06
1.334521042396896752e+06
8.655757568027999951e+05
4.981473060537696583e+05
2.322356901498060615e+05
6.784090909090908826e+04
4.962962877078784913e+03
4.360185150831511419e+04
1.837575749846181134e+05
4.254301333059878089e+05
7.686195264724239241e+05
1.213325754483927041e+06
1.759548817340496462e+06
2.407288715042132419e+06
3.156545447588835843e+06
4.007319014980605803e+06
4.959609417217440903e+06
6.013416654299343936e+06
7.168740726226313040e+06
8.425581632998349145e+06
9.783939374615453184e+06
1.124381395107762143e+07
1.280520536238485761e+07
1.446811360853716359e+07
1.623253868953453191e+07
1.809848060537696630e+07
2.006593935606446862e+07
2.213491494159704074e+07
2.430540736197467893e+07
2.657741661719737947e+07
2.895094270726514608e+07
3.142598563217797875e+07
3.400254539193588495e+07
3.668062198653885722e+07
3.946021541598688811e+07
4.234132568027999997e+07
4.876648140418571234e+07
4.567072467524614185e+07
4.267648478115165234e+07
3.978376172190222144e+07
3.699255549749784917e+07
3.430286610793854296e+07
3.171469355322431400e+07
2.922803783335514739e+07
2.684289894833104685e+07
2.455927689815201238e+07
2.237717168281804398e+07
2.029658330232914165e+07
1.831751175668530911e+07
1.643995704588654265e+07
1.466391916993284039e+07
1.298939812882420607e+07
1.141639392256063968e+07
9.944906551142137498e+06
8.574936014568705112e+06
7.306482312840336934e+06
6.139545445957035758e+06
5.074125413918801583e+06
4.110222216725634411e+06
3.247835854377533775e+06
2.486966326874499675e+06
1.827613634216531878e+06
1.269777776403630851e+06
8.134587534357965924e+05
4.586565653130289866e+05
2.053712120353280043e+05
5.360269360269361641e+04
3.351010015125921655e+03
5.461616127262490045e+04
2.073981473751905432e+05
4.616969683228228823e+05
8.175126241155215539e+05
1.274845114753287286e+06
1.833694440236119786e+06
2.494060600564018358e+06
3.255943595736984164e+06
4.119343425755016040e+06
5.084260090618115850e+06
6.150693590326280333e+06
7.318643924879513681e+06
8.588111094277810305e+06
9.959095098521174863e+06
1.143159593760960735e+07
1.300561361154310778e+07
1.468114812032167427e+07
1.645819946394530684e+07
1.833676764241400361e+07
2.031685265572776645e+07
2.239845450388659909e+07
2.458157318689050153e+07
2.686620870473946631e+07
2.925236105743349716e+07
3.174003024497259408e+07
3.432921626735676825e+07
3.701991912458599359e+07
3.981213881666029245e+07
4.270587534357964993e+07
4.837513039408471435e+07
4.529199992777140439e+07
4.231038629630316049e+07
3.943028949967999011e+07
3.665170953790189326e+07
3.397464641096884757e+07
3.139910011888087541e+07
2.892507066163797304e+07
2.655255803924013674e+07
2.428156225168736652e+07
2.211208329897965863e+07
2.004412118111702427e+07
1.807767589809944853e+07
1.621274744992694445e+07
1.444933583659950644e+07
1.278744105811713636e+07
1.122706311447983235e+07
9.768202005687594414e+06
8.410857731740422547e+06
7.155030292638316751e+06
6.000719688381277956e+06
4.947925918969307095e+06
3.996648984402402770e+06
3.146888884680564050e+06
2.398645619803792797e+06
1.751919189772087149e+06
1.206709594585449202e+06
7.630168342438772088e+05
4.208409087473723339e+05
1.801818180959340243e+05
4.103956228956228006e+04
3.414141328257235273e+03
6.730555521201880765e+04
2.327138039408470795e+05
4.996388875147420331e+05
8.680808059337035520e+05
1.338039559197731549e+06
1.909515147306826664e+06
2.582507570260988083e+06
3.357016828060216270e+06
4.233042920704510063e+06
5.210585848193872720e+06
6.289645610528301448e+06
7.470222207707795314e+06
8.752315639732357115e+06
1.013592590660198592e+07
1.162105300831668079e+07
1.320769694487644173e+07
1.489585771628127061e+07
1.668553532253116369e+07
1.857672976362612471e+07
2.056944103956615180e+07
2.266366915035124868e+07
2.485941409598140791e+07
2.715667587645664066e+07
2.955545449177693576e+07
3.205574994194228947e+07
3.465756222695271671e+07
3.736089134680821747e+07
4.016573730150876939e+07
4.307210009105440974e+07
4.798545446815878153e+07
4.491495026447173953e+07
4.194596289562976360e+07
3.907849236163285375e+07
3.631253866248101741e+07
3.364810179817423224e+07
3.108518176871253178e+07
2.862377857409588248e+07
2.626389221432431787e+07
2.400552268939780444e+07
2.184866999931636080e+07
1.979333414407998323e+07
1.783951512368867174e+07
1.598721293814243563e+07
1.423642758744125813e+07
1.258715907158514857e+07
1.103940739057410695e+07
9.593172544408131391e+06
8.248454533087222837e+06
7.005253356611380354e+06
5.863569014980604872e+06
4.823401508194896393e+06
3.884750836254253983e+06
3.047616999158678576e+06
2.311999996908169240e+06
1.677899829502727138e+06
1.145316496942351339e+06
7.142499992270423099e+05
3.847003363568000495e+05
1.566675083316242963e+05
3.015151515151515559e+04
5.152356816472720311e+03
8.167003332649690856e+04
2.597045446815877513e+05
5.392558908817453776e+05
9.203240719269693363e+05
1.402909087817260064e+06
1.987010938552617794e+06
2.672629624133041594e+06
3.459765144558532164e+06
4.348417499829090200e+06
5.338586689944714308e+06
6.430272714905405417e+06
7.623475574711162597e+06
8.918195269361987710e+06
1.031443179885787889e+07
1.181218516319883429e+07
1.341145536238486134e+07
1.511224239641595259e+07
1.691454626529210806e+07
1.881836696901333332e+07
2.082370450757961720e+07
2.293055888099097833e+07
2.513893008924740553e+07
2.744881813234889135e+07
2.986022301029545069e+07
3.237314472308707237e+07
3.498758327072376013e+07
3.770353865320552140e+07
4.052101087053235620e+07
4.343999992270423472e+07
4.759745362640794367e+07
4.453957568534716964e+07
4.158321457913144678e+07
3.872837030776079744e+07
3.597504287123522162e+07
3.332323226955470815e+07
3.077293850271926075e+07
2.832416157072888315e+07
2.597690147358357161e+07
2.373115821128332615e+07
2.158693178382814676e+07
1.954422219121803343e+07
1.760302943345298618e+07
1.576335351053300500e+07
1.402519442245809361e+07
1.238855216922824830e+07
1.085342675084346719e+07
9.419818167303755879e+06
8.087726418609107845e+06
6.857151504759529606e+06
5.728093425755017437e+06
4.700552181595570408e+06
3.774527772281189915e+06
2.950020197811877355e+06
2.227029458187630400e+06
1.605555553408450913e+06
1.085598483474337962e+06
6.671582483852914302e+05
3.502348481413117843e+05
1.348282827423986746e+05
2.093855218855219573e+04
8.565656479772380408e+03
9.770959561605924682e+04
2.883703695974127040e+05
5.805479784238330321e+05
9.742424220953197218e+05
1.469453700611873297e+06
2.066181813973493176e+06
2.764426762180179823e+06
3.564188545231933706e+06
4.465467163128753193e+06
5.468262615870640613e+06
6.572574903457595035e+06
7.778404025889612734e+06
9.085749983166700229e+06
1.049461277528885379e+07
1.200499240225607343e+07
1.361688886406836100e+07
1.533030216072571464e+07
1.714523229222813249e+07
1.906167925857562199e+07
2.107964305976817012e+07
2.319912369580579549e+07
2.542012116668847576e+07
2.774263547241623327e+07
3.016666661298904940e+07
3.269221458840693533e+07
3.531927939866989106e+07
3.804786104377792031e+07
4.087795952373100072e+07
4.380957483852915466e+07
4.721112786883217841e+07
4.416587619039766490e+07
4.122214134680821747e+07
3.837992333806382865e+07
3.563922216416451335e+07
3.300003782511026412e+07
3.046237032090108097e+07
2.802621965153696388e+07
2.569158581701791659e+07
2.345846881734392792e+07
2.132686865251500905e+07
1.929678532253116369e+07
1.736821882739238068e+07
1.554116916709866188e+07
1.381563634165001288e+07
1.219162035104642808e+07
1.066912119528791308e+07
9.248138874374462292e+06
7.928673388306078501e+06
6.710724737082760781e+06
5.594292920704510994e+06
4.579377939171327278e+06
3.665979792483210098e+06
2.854098480640159920e+06
2.143734003642176278e+06
1.534886361489259172e+06
1.027555554181408603e+06
6.217415817186249187e+05
3.174444441009077709e+05
1.146641413282572612e+05
1.340067340067340047e+04
1.365404031815622147e+04
1.154242420807056769e+05
3.187112786883218214e+05
6.235151501410047058e+05
1.029835856438754010e+06
1.537673397581570083e+06
2.147027773569453042e+06
2.857898984402401838e+06
3.670287030080418568e+06
4.584191910603500903e+06
5.599613625971648842e+06
6.716552176184866577e+06
7.935007561243148521e+06
9.254979781146498397e+06
1.067646883589491248e+07
1.219947472548839636e+07
1.382399744992694631e+07
1.555003700921056233e+07
1.737759340333924443e+07
1.930666663231299445e+07
2.133725669613180682e+07
2.346936359479569271e+07
2.570298732830464095e+07
2.803812789665865526e+07
3.047478529985774308e+07
3.301295953790188581e+07
3.565265061079110205e+07
3.839385851852539182e+07
4.123658326110473275e+07
4.418082483852916211e+07
4.682647719543151557e+07
4.379385177962324768e+07
4.086274319866006821e+07
3.803315145254195482e+07
3.530507654126890004e+07
3.267851846484090388e+07
3.015347722325798124e+07
2.772995281652012840e+07
2.540794524462734163e+07
2.318745450757961720e+07
2.106848060537696257e+07
1.905102353801938146e+07
1.713508330550685525e+07
1.532065990783940442e+07
1.360775334501701593e+07
1.199636361703969538e+07
1.048649072390744090e+07
9.078134665620252490e+06
7.771295442178132944e+06
6.565973053581077605e+06
5.462167499829091132e+06
4.459878780922168866e+06
3.559106896860314533e+06
2.759851847643526737e+06
2.062113633271805942e+06
1.465892253745151218e+06
9.711877090635634959e+05
5.779999992270423099e+05
2.863291242355878348e+05
9.617508408920002694e+04
7.537878787878788899e+03
2.041750833162424169e+04
1.348139727204363444e+05
3.507272719543150743e+05
6.681574060332605150e+05
1.087104374957272317e+06
1.607568178726350889e+06
2.229548817340496927e+06
2.953046290799708106e+06
3.778060599103987217e+06
4.704591742253333330e+06
5.732639720247744583e+06
6.862204533087222837e+06
8.093286180771768093e+06
9.425884663301380351e+06
1.085999998067605868e+07
1.239563213289580494e+07
1.403278111996061727e+07
1.577144694187049381e+07
1.761162959862544015e+07
1.955332909022544697e+07
2.159654541667053476e+07
2.374127857796067744e+07
2.598752857409588993e+07
2.833529540507616848e+07
3.078457907090151310e+07
3.333537957157191634e+07
3.598769690708740056e+07
3.874153107744795084e+07
4.159688208265355974e+07
4.455374992270424217e+07
4.644350160620591789e+07
4.342350245302392542e+07
4.050502013468700647e+07
3.768805465119514614e+07
3.497260600254835188e+07
3.235867418874663115e+07
2.984625920978996903e+07
2.743536106567837670e+07
2.512597975641185418e+07
2.291811528199039027e+07
2.081176764241400361e+07
1.880693683768267930e+07
1.690362286779642105e+07
1.510182573275522701e+07
1.340154543255910650e+07
1.180278196720804460e+07
1.030553533670205437e+07
8.909805541041128337e+06
7.615592580225270241e+06
6.422896454254479147e+06
5.331717163128752261e+06
4.342054706848095171e+06
3.453909085412503220e+06
2.667280298821978271e+06
1.982168347076519625e+06
1.398573230176127749e+06
9.164949481208025245e+05
5.359335009105440695e+05
2.568888885453521798e+05
7.936111102522695728e+04
3.350168350168352845e+03
2.885606052017641196e+04
1.558787875352511182e+05
3.844183493953924626e+05
7.144747461006005760e+05
1.146047977650874993e+06
1.679138044046216644e+06
2.313744945286624599e+06
3.049868681372098159e+06
3.887509252302640583e+06
4.826666658078248613e+06
5.867340898698922247e+06
7.009531974164663814e+06
8.253239884475471452e+06
9.598464629631346092e+06
1.104520620963228866e+07
1.259346462447829358e+07
1.424323987416937016e+07
1.599453195870551094e+07
1.784734087808671966e+07
1.980166663231299818e+07
2.185750922138433158e+07
2.401486864530074596e+07
2.627374490406221896e+07
2.863413799766875803e+07
3.109604792612036690e+07
3.365947468941703439e+07
3.632441828755877912e+07
3.909087872054558992e+07
4.195885598837745935e+07
4.492835009105440229e+07
4.606220110115541518e+07
4.305482821059969068e+07
4.014897215488901734e+07
3.734463293402342498e+07
3.464181054800289869e+07
3.204050499682743475e+07
2.954071628049704060e+07
2.714244439901170880e+07
2.484568935237145424e+07
2.265045114057625830e+07
2.055672976362612844e+07
1.856452522152106091e+07
1.667383751426106505e+07
1.488466664184613712e+07
1.319701260427627712e+07
1.161087540155147947e+07
1.012625503367175162e+07
8.743151500637087971e+06
7.461564802447492257e+06
6.281494939102963544e+06
5.202941910603500903e+06
4.225905716949105263e+06
3.350386358139776159e+06
2.576383834175513592e+06
1.903898145056317560e+06
1.332929290782188298e+06
8.634772713531259215e+05
4.955420867691298481e+05
2.291237370302006602e+05
6.422222213633808133e+04
8.375420875420884386e+02
3.896969688381276501e+04
1.786186865251501440e+05
4.197845110115539865e+05
7.624671703430247726e+05
1.206666664519562153e+06
1.752382993541165721e+06
2.399616157407836523e+06
3.148366156119573396e+06
3.998632989676377270e+06
4.950416658078248613e+06
6.003717161325185560e+06
7.158534499417189509e+06
8.414868672354258597e+06
9.772719680136397481e+06
1.123208752276359871e+07
1.279297220023587160e+07
1.445537371255321056e+07
1.621929205971561372e+07
1.808472724172308296e+07
2.005167925857562199e+07
2.212014811027322337e+07
2.429013379681589454e+07
2.656163631820363179e+07
2.893465567443643510e+07
3.140919186551430449e+07
3.398524489143724740e+07
3.666281475220525265e+07
3.944190144781831652e+07
4.232250497827645391e+07
4.530462534357964993e+07
4.568257568027999252e+07
4.268782905235052854e+07
3.979459925926612318e+07
3.700288630102679133e+07
3.431269017763252556e+07
3.172401088908332586e+07
2.923684843537919968e+07
2.685120281652012840e+07
2.456707403250613064e+07
2.238446208333719522e+07
2.030336696901332960e+07
1.832378868953453004e+07
1.644572724490079656e+07
1.466918263511213288e+07
1.299415486016852967e+07
1.142064392006999813e+07
9.948649814816530794e+06
8.578172544408131391e+06
7.309212108844798990e+06
6.141768508126532659e+06
5.075841742253332399e+06
4.111431811225199606e+06
3.248538715042132419e+06
2.487162453704132698e+06
1.827303027211199747e+06
1.268960435563333100e+06
8.121346787605331047e+05
4.568257568027999368e+05
2.030336696901333053e+05
5.075841742253335542e+04
0.000000000000000000e+00
5.075841742253334087e+04
2.030336696901333053e+05
4.568257568027999368e+05
8.121346787605333375e+05
1.268960435563333100e+06
1.827303027211199747e+06
2.487162453704132698e+06
3.248538715042132419e+06
4.111431811225199606e+06
5.075841742253331468e+06
6.141768508126532659e+06
7.309212108844798990e+06
8.578172544408131391e+06
9.948649814816532657e+06
1.142064392006999813e+07
1.299415486016853154e+07
1.466918263511213101e+07
1.644572724490079843e+07
1.832378868953452632e+07
2.030336696901332960e+07
2.238446208333719522e+07
2.456707403250613064e+07
2.685120281652012840e+07
2.923684843537919968e+07
3.172401088908332586e+07
3.431269017763252556e+07
3.700288630102679133e+07
3.979459925926612318e+07
4.268782905235052109e+07
4.568257568027999252e+07
4.530462534357964993e+07
4.232250497827646136e+07
3.944190144781830907e+07
3.666281475220524520e+07
3.398524489143724740e+07
3.140919186551430449e+07
2.893465567443643510e+07
2.656163631820363179e+07
2.429013379681589827e+07
2.212014811027322710e+07
2.005167925857562199e+07
1.808472724172308296e+07
1.621929205971561186e+07
1.445537371255321056e+07
1.279297220023587160e+07
1.123208752276359871e+07
9.772719680136397481e+06
8.414868672354258597e+06
7.158534499417189509e+06
6.003717161325185560e+06
4.950416658078248613e+06
3.998632989676377736e+06
3.148366156119572930e+06
2.399616157407836989e+06
1.752382993541165954e+06
1.206666664519562153e+06
7.624671703430248890e+05
4.197845110115541029e+05
1.786186865251501440e+05
3.896969688381280866e+04
8.375420875420883249e+02
6.422222213633803767e+04
2.291237370302006020e+05
4.955420867691298481e+05
8.634772713531259215e+05
1.332929290782188531e+06
1.903898145056317560e+06
2.576383834175513592e+06
3.350386358139775693e+06
4.225905716949105263e+06
5.202941910603500903e+06
6.281494939102963544e+06
7.461564802447492257e+06
8.743151500637087971e+06
1.012625503367174789e+07
1.161087540155147947e+07
1.319701260427627712e+07
1.488466664184613712e+07
1.667383751426106691e+07
1.856452522152106464e+07
2.055672976362612471e+07
2.265045114057625458e+07
2.484568935237145424e+07
2.714244439901170880e+07
2.954071628049703687e+07
3.204050499682743475e+07
3.464181054800289869e+07
3.734463293402342498e+07
4.014897215488902479e+07
4.305482821059969068e+07
4.606220110115541518e+07
4.492835009105440229e+07
4.195885598837746680e+07
3.909087872054558992e+07
3.632441828755877912e+07
3.365947468941703439e+07
3.109604792612036690e+07
2.863413799766875803e+07
2.627374490406221896e+07
2.401486864530074596e+07
2.185750922138433158e+07
1.980166663231299818e+07
1.784734087808671966e+07
1.599453195870551094e+07
1.424323987416937016e+07
1.259346462447829358e+07
1.104520620963228866e+07
9.598464629631346092e+06
8.253239884475471452e+06
7.009531974164663814e+06
5.867340898698922247e+06
4.826666658078248613e+06
3.887509252302640583e+06
3.049868681372099090e+06
2.313744945286624599e+06
1.679138044046216644e+06
1.146047977650875226e+06
7.144747461006004596e+05
3.844183493953925208e+05
1.558787875352511765e+05
2.885606052017644834e+04
3.350168350168350116e+03
7.936111102522689907e+04
2.568888885453521216e+05
5.359335009105440695e+05
9.164949481208027573e+05
1.398573230176127749e+06
1.982168347076519160e+06
2.667280298821978271e+06
3.453909085412502754e+06
4.342054706848094240e+06
5.331717163128753193e+06
6.422896454254479147e+06
7.615592580225270241e+06
8.909805541041128337e+06
1.030553533670205250e+07
1.180278196720804460e+07
1.340154543255910464e+07
1.510182573275522888e+07
1.690362286779642105e+07
1.880693683768267930e+07
2.081176764241400361e+07
2.291811528199039400e+07
2.512597975641185418e+07
2.743536106567837670e+07
2.984625920978996903e+07
3.235867418874663115e+07
3.497260600254835188e+07
3.768805465119514614e+07
4.050502013468700647e+07
4.342350245302392542e+07
4.644350160620591789e+07
4.455374992270423472e+07
4.159688208265355229e+07
3.874153107744795084e+07
3.598769690708739311e+07
3.333537957157192007e+07
3.078457907090150937e+07
2.833529540507616848e+07
2.598752857409588620e+07
2.374127857796067744e+07
2.159654541667053476e+07
1.955332909022545069e+07
1.761162959862544388e+07
1.577144694187049381e+07
1.403278111996061727e+07
1.239563213289580494e+07
1.085999998067605868e+07
9.425884663301380351e+06
8.093286180771769024e+06
6.862204533087222837e+06
5.732639720247744583e+06
4.704591742253332399e+06
3.778060599103987217e+06
2.953046290799709037e+06
2.229548817340496462e+06
1.607568178726351354e+06
1.087104374957272783e+06
6.681574060332605150e+05
3.507272719543150160e+05
1.348139727204363444e+05
2.041750833162425261e+04
7.537878787878784351e+03
9.617508408919999783e+04
2.863291242355878348e+05
5.779999992270423099e+05
9.711877090635636123e+05
1.465892253745151451e+06
2.062113633271805476e+06
2.759851847643527202e+06
3.559106896860314067e+06
4.459878780922168866e+06
5.462167499829090200e+06
6.565973053581077605e+06
7.771295442178132944e+06
9.078134665620252490e+06
1.048649072390744090e+07
1.199636361703969538e+07
1.360775334501701407e+07
1.532065990783940442e+07
1.713508330550685897e+07
1.905102353801938146e+07
2.106848060537696257e+07
2.318745450757961720e+07
2.540794524462734163e+07
2.772995281652013212e+07
3.015347722325798124e+07
3.267851846484090388e+07
3.530507654126888514e+07
3.803315145254194736e+07
4.086274319866006821e+07
4.379385177962325513e+07
4.682647719543151557e+07
4.418082483852915466e+07
4.123658326110473275e+07
3.839385851852538437e+07
3.565265061079110950e+07
3.301295953790188581e+07
3.047478529985773563e+07
2.803812789665865526e+07
2.570298732830464095e+07
2.346936359479569271e+07
2.133725669613180310e+07
1.930666663231299445e+07
1.737759340333924443e+07
1.555003700921056233e+07
1.382399744992694631e+07
1.219947472548839636e+07
1.067646883589491248e+07
9.254979781146498397e+06
7.935007561243150383e+06
6.716552176184866577e+06
5.599613625971649773e+06
4.584191910603500903e+06
3.670287030080418568e+06
2.857898984402401838e+06
2.147027773569452576e+06
1.537673397581570316e+06
1.029835856438754126e+06
6.235151501410045894e+05
3.187112786883218214e+05
1.154242420807057060e+05
1.365404031815623421e+04
1.340067340067339501e+04
1.146641413282572321e+05
3.174444441009076545e+05
6.217415817186248023e+05
1.027555554181408836e+06
1.534886361489258707e+06
2.143734003642176278e+06
2.854098480640159920e+06
3.665979792483210098e+06
4.579377939171327278e+06
5.594292920704510994e+06
6.710724737082761712e+06
7.928673388306076638e+06
9.248138874374462292e+06
1.066912119528791308e+07
1.219162035104642622e+07
1.381563634165001288e+07
1.554116916709866188e+07
1.736821882739238441e+07
1.929678532253115997e+07
2.132686865251501277e+07
2.345846881734393165e+07
2.569158581701791659e+07
2.802621965153697133e+07
3.046237032090108097e+07
3.300003782511026412e+07
3.563922216416452080e+07
3.837992333806382865e+07
4.122214134680821747e+07
4.416587619039766490e+07
4.721112786883218586e+07
4.380957483852914721e+07
4.087795952373100072e+07
3.804786104377791286e+07
3.531927939866989106e+07
3.269221458840693533e+07
3.016666661298905313e+07
2.774263547241623327e+07
2.542012116668847576e+07
2.319912369580578804e+07
2.107964305976817384e+07
1.906167925857562199e+07
1.714523229222813249e+07
1.533030216072571278e+07
1.361688886406836100e+07
1.200499240225607529e+07
1.049461277528885379e+07
9.085749983166702092e+06
7.778404025889612734e+06
6.572574903457595035e+06
5.468262615870640613e+06
4.465467163128753193e+06
3.564188545231933706e+06
2.764426762180180289e+06
2.066181813973492943e+06
1.469453700611873297e+06
9.742424220953197218e+05
5.805479784238329157e+05
2.883703695974127040e+05
9.770959561605923227e+04
8.565656479772391322e+03
2.093855218855219209e+04
1.348282827423986746e+05
3.502348481413117261e+05
6.671582483852916630e+05
1.085598483474337962e+06
1.605555553408450680e+06
2.227029458187630400e+06
2.950020197811877355e+06
3.774527772281189915e+06
4.700552181595570408e+06
5.728093425755017437e+06
6.857151504759529606e+06
8.087726418609107845e+06
9.419818167303754017e+06
1.085342675084346533e+07
1.238855216922824830e+07
1.402519442245809548e+07
1.576335351053300872e+07
1.760302943345298618e+07
1.954422219121803343e+07
2.158693178382814676e+07
2.373115821128332242e+07
2.597690147358357161e+07
2.832416157072888687e+07
3.077293850271926448e+07
3.332323226955470815e+07
3.597504287123522162e+07
3.872837030776079744e+07
4.158321457913145423e+07
4.453957568534716964e+07
4.759745362640794367e+07
4.343999992270423472e+07
4.052101087053234875e+07
3.770353865320552886e+07
3.498758327072376758e+07
3.237314472308707610e+07
2.986022301029545069e+07
2.744881813234889507e+07
2.513893008924740180e+07
2.293055888099098206e+07
2.082370450757961348e+07
1.881836696901332960e+07
1.691454626529210806e+07
1.511224239641594887e+07
1.341145536238485761e+07
1.181218516319883429e+07
1.031443179885787517e+07
8.918195269361987710e+06
7.623475574711163528e+06
6.430272714905405417e+06
5.338586689944714308e+06
4.348417499829090200e+06
3.459765144558533095e+06
2.672629624133042526e+06
1.987010938552617794e+06
1.402909087817260064e+06
9.203240719269696856e+05
5.392558908817453776e+05
2.597045446815877804e+05
8.167003332649695221e+04
5.152356816472730316e+03
3.015151515151514104e+04
1.566675083316242672e+05
3.847003363567999331e+05
7.142499992270421935e+05
1.145316496942351572e+06
1.677899829502726905e+06
2.311999996908169240e+06
3.047616999158678576e+06
3.884750836254253983e+06
4.823401508194895461e+06
5.863569014980604872e+06
7.005253356611380354e+06
8.248454533087222837e+06
9.593172544408131391e+06
1.103940739057410695e+07
1.258715907158515044e+07
1.423642758744125813e+07
1.598721293814243563e+07
1.783951512368867546e+07
1.979333414407998323e+07
2.184866999931636080e+07
2.400552268939780444e+07
2.626389221432431415e+07
2.862377857409588248e+07
3.108518176871253178e+07
3.364810179817423224e+07
3.631253866248100996e+07
3.907849236163285375e+07
4.194596289562976360e+07
4.491495026447173953e+07
4.798545446815878153e+07
4.307210009105440229e+07
4.016573730150877684e+07
3.736089134680821002e+07
3.465756222695272416e+07
3.205574994194229320e+07
2.955545449177693203e+07
2.715667587645663694e+07
2.485941409598140791e+07
2.266366915035124868e+07
2.056944103956615180e+07
1.857672976362612471e+07
1.668553532253116369e+07
1.489585771628126875e+07
1.320769694487644173e+07
1.162105300831668079e+07
1.013592590660198405e+07
8.752315639732357115e+06
7.470222207707796246e+06
6.289645610528300516e+06
5.210585848193872720e+06
4.233042920704510994e+06
3.357016828060217202e+06
2.582507570260988083e+06
1.909515147306826664e+06
1.338039559197732015e+06
8.680808059337033192e+05
4.996388875147420331e+05
2.327138039408470795e+05
6.730555521201883676e+04
3.414141328257238456e+03
4.103956228956229461e+04
1.801818180959339952e+05
4.208409087473723339e+05
7.630168342438773252e+05
1.206709594585448969e+06
1.751919189772087149e+06
2.398645619803792331e+06
3.146888884680564050e+06
3.996648984402401838e+06
4.947925918969307095e+06
6.000719688381277956e+06
7.155030292638316751e+06
8.410857731740422547e+06
9.768202005687594414e+06
1.122706311447983235e+07
1.278744105811713636e+07
1.444933583659950830e+07
1.621274744992694445e+07
1.807767589809945226e+07
2.004412118111702055e+07
2.211208329897965491e+07
2.428156225168736652e+07
2.655255803924013674e+07
2.892507066163797677e+07
3.139910011888087541e+07
3.397464641096884757e+07
3.665170953790189326e+07
3.943028949967999011e+07
4.231038629630316049e+07
4.529199992777139693e+07
4.837513039408469945e+07
4.270587534357964993e+07
3.981213881666028500e+07
3.701991912458599359e+07
3.432921626735676080e+07
3.174003024497259781e+07
2.925236105743349344e+07
2.686620870473946631e+07
2.458157318689050153e+07
2.239845450388659909e+07
2.031685265572777018e+07
1.833676764241400361e+07
1.645819946394530497e+07
1.468114812032167427e+07
1.300561361154310778e+07
1.143159593760960735e+07
9.959095098521178588e+06
8.588111094277810305e+06
7.318643924879511818e+06
6.150693590326281264e+06
5.084260090618115850e+06
4.119343425755016040e+06
3.255943595736984164e+06
2.494060600564018823e+06
1.833694440236119553e+06
1.274845114753287518e+06
8.175126241155217867e+05
4.616969683228228241e+05
2.073981473751905432e+05
5.461616127262490045e+04
3.351010015125923019e+03
5.360269360269360186e+04
2.053712120353278879e+05
4.586565653130288702e+05
8.134587534357965924e+05
1.269777776403630618e+06
1.827613634216531646e+06
2.486966326874499209e+06
3.247835854377533775e+06
4.110222216725634411e+06
5.074125413918801583e+06
6.139545445957035758e+06
7.306482312840336934e+06
8.574936014568705112e+06
9.944906551142137498e+06
1.141639392256063968e+07
1.298939812882420607e+07
1.466391916993284039e+07
1.643995704588654079e+07
1.831751175668530911e+07
2.029658330232914537e+07
2.237717168281804398e+07
2.455927689815200865e+07
2.684289894833104312e+07
2.922803783335514367e+07
3.171469355322431400e+07
3.430286610793854296e+07
3.699255549749784172e+07
3.978376172190222144e+07
4.267648478115165234e+07
4.567072467524614930e+07
4.876648140418571234e+07
4.234132568027999997e+07
3.946021541598688811e+07
3.668062198653884977e+07
3.400254539193588495e+07
3.142598563217798248e+07
2.895094270726514235e+07
2.657741661719737947e+07
2.430540736197467521e+07
2.213491494159704074e+07
2.006593935606446862e+07
1.809848060537696630e+07
1.623253868953452818e+07
1.446811360853716172e+07
1.280520536238485947e+07
1.124381395107762143e+07
9.783939374615451321e+06
8.425581632998349145e+06
7.168740726226313040e+06
6.013416654299344867e+06
4.959609417217440903e+06
4.007319014980605338e+06
3.156545447588835377e+06
2.407288715042132884e+06
1.759548817340496695e+06
1.213325754483927041e+06
7.686195264724241570e+05
4.254301333059877506e+05
1.837575749846180843e+05
4.360185150831512146e+04
4.962962877078780366e+03
6.784090909090910282e+04
2.322356901498060906e+05
4.981473060537697165e+05
8.655757568027998786e+05
1.334521042396896984e+06
1.904983162836060626e+06
2.576962118120290805e+06
3.350457908249587286e+06
4.225470533223951235e+06
5.201999993043382652e+06
6.280046287707877345e+06
7.459609417217441835e+06
8.740689381572071463e+06
1.012328618077176809e+07
1.160739981481653079e+07
1.319303028370636329e+07
1.488017758744126000e+07
1.666884172602122277e+07
1.855902269944625720e+07
2.055072050771635026e+07
2.264393515083150938e+07
2.483866662879174203e+07
2.713491494159703702e+07
2.953268008924740180e+07
3.203196207174283266e+07
3.463276088908332586e+07
3.733507654126889259e+07
4.013890902829952538e+07
4.304425835017521679e+07
4.605112450689598173e+07
4.915950749846181273e+07
4.197845110115541518e+07
3.910996709948857874e+07
3.634299993266679347e+07
3.367754960069009662e+07
3.111361610355845094e+07
2.865119944127188250e+07
2.629029961383038014e+07
2.403091662123393267e+07
2.187305046348256245e+07
1.981670114057625458e+07
1.786186865251501277e+07
1.600855299929884262e+07
1.425675418092773482e+07
1.260647219740169495e+07
1.105770704872072116e+07
9.610458734884813428e+06
8.264727255893971771e+06
7.020512611748198979e+06
5.877814802447493188e+06
4.836633827991852537e+06
3.896969688381278887e+06
3.058822383615771774e+06
2.322191913695331663e+06
1.687078278619958088e+06
1.153481478389651049e+06
7.214015130044106627e+05
3.908383824642369291e+05
1.617920867691299354e+05
3.426262591908954346e+04
8.249999914115813226e+03
8.375420875420873926e+04
2.607752524393683125e+05
5.393131309695944656e+05
9.193678443448874168e+05
1.400939392565247137e+06
1.984027775630672928e+06
2.668632993541166652e+06
3.454755046296725515e+06
4.342393933897350915e+06
5.331549656343044713e+06
6.422222213633803651e+06
7.614411605769630522e+06
8.908117832750521600e+06
1.030334089457648061e+07
1.180008079124750942e+07
1.339833752276360057e+07
1.509811108912475966e+07
1.689940149033099040e+07
1.880220872638228163e+07
2.080653279727863893e+07
2.291237370302006602e+07
2.511973144360655546e+07
2.742860601903811842e+07
2.983899742931474373e+07
3.235090567443643510e+07
3.496433075440318882e+07
3.767927266921501607e+07
4.049573141887190938e+07
4.341370700337386131e+07
4.643319942272090167e+07
4.955420867691299319e+07
4.161725160620591789e+07
3.876139386716534942e+07
3.600705296296983212e+07
3.335422889361938462e+07
3.080292165911400691e+07
2.835313125945369527e+07
2.600485769463846087e+07
2.375810096466827765e+07
2.161286106954316422e+07
1.956913800926312432e+07
1.762693178382814303e+07
1.578624239323823340e+07
1.404706983749338984e+07
1.240941411659361050e+07
1.087327523053890280e+07
9.438653179329255596e+06
8.105547962964680046e+06
6.873959581445168704e+06
5.743888034770724364e+06
4.715333322941347025e+06
3.788295445957035758e+06
2.962774403817791492e+06
2.238770196523614228e+06
1.616282824074503267e+06
1.095312286470459308e+06
6.758585837114813039e+05
3.579217157975703012e+05
1.415016827287258930e+05
2.659848450494814097e+04
1.321212112623701978e+04
1.013425925925925985e+05
2.909898989040147862e+05
5.821540400605036411e+05
9.748350160620590905e+05
1.469032826908681542e+06
2.064747472600370180e+06
2.761978953137125354e+06
3.560727268518948462e+06
4.460992418745836243e+06
5.462774403817792423e+06
6.566073223734813742e+06
7.770888878496902063e+06
9.077221368104057387e+06
1.048507069255628251e+07
1.199443685185356811e+07
1.360531984599592723e+07
1.531771967498334497e+07
1.713163633881583437e+07
1.904706983749339357e+07
2.106402017101600766e+07
2.318248733938370273e+07
2.540247134259645641e+07
2.772397218065427616e+07
3.014698985355716571e+07
3.267152436130512506e+07
3.529757570389814675e+07
3.802514388133623451e+07
4.085422889361938834e+07
4.378483074074761569e+07
4.681694942272090167e+07
4.995058493953925371e+07
4.125772719543150067e+07
3.841449571901719272e+07
3.567278107744794339e+07
3.303258327072376013e+07
3.049390229884465411e+07
2.805673816181060299e+07
2.572109085962161794e+07
2.348696039227770641e+07
2.135434675977886096e+07
1.932324996212507412e+07
1.739366999931636080e+07
1.556560687135271169e+07
1.383906057823413052e+07
1.221403111996061727e+07
1.069051849653217010e+07
9.268522707948785275e+06
7.948043754210471176e+06
6.729081635317222215e+06
5.611636351269040257e+06
4.595707902065926231e+06
3.681296287707878277e+06
2.868401508194896393e+06
2.157023563526981510e+06
1.547162453704133164e+06
1.038818178726351354e+06
6.319907385936361970e+05
3.266801333059878089e+05
1.228863628634059714e+05
2.060942726589088488e+04
1.984932651344241822e+04
1.206060606060605787e+05
3.228796295437454246e+05
6.266700333264967194e+05
1.031977271954315016e+06
1.538801345427199965e+06
2.147142253745151218e+06
2.856999996908169240e+06
3.668374574916253798e+06
4.581265987769405358e+06
5.595674235467623919e+06
6.711599318010909483e+06
7.929041235399260186e+06
9.247999987632676959e+06
1.066847557471116260e+07
1.219046799663471431e+07
1.381397725340333022e+07
1.553900334501701593e+07
1.736554627147576958e+07
1.929360603277958557e+07
2.132318262892847136e+07
2.345427605992241949e+07
2.568688632576144114e+07
2.802101342644552886e+07
3.045665736197467893e+07
3.299381813234889507e+07
3.563249573756817728e+07
3.837269017763252556e+07
4.121440145254194736e+07
4.415762956229643524e+07
4.720237450689598173e+07
5.034863628634060919e+07
4.089987786883217841e+07
3.806927265504413098e+07
3.534018427610114217e+07
3.271261273200322315e+07
3.018655802275037393e+07
2.776202014834259078e+07
2.543899910877986997e+07
2.321749490406221896e+07
2.109750753418963403e+07
1.907903699916211143e+07
1.716208329897966236e+07
1.534664643364227563e+07
1.363272640314995497e+07
1.202032320750270225e+07
1.050943684670051746e+07
9.100067320743398741e+06
7.792214629631347023e+06
6.585878773364360444e+06
5.481059751942441799e+06
4.477757565365590155e+06
3.575972213633803651e+06
2.775703696747084614e+06
2.076952014705432579e+06
1.479717167508846847e+06
9.839991551573277684e+05
5.897979776508752257e+05
2.971136349894895102e+05
1.059461271731703309e+05
1.629545420191783523e+04
2.816161607573197398e+04
1.415446127946128254e+05
3.564444443585602567e+05
6.728611107675742824e+05
1.090794612021655077e+06
1.610244948120802874e+06
2.231212119065016508e+06
2.953696124854296912e+06
3.777696965488644782e+06
4.703214640968058258e+06
5.730249151292539202e+06
6.858800496462086216e+06
8.088868676476701163e+06
9.420453691336380318e+06
1.085355554104112647e+07
1.238817422559094243e+07
1.402430974498582445e+07
1.576196209922576882e+07
1.760113128831078485e+07
1.954181731224086508e+07
2.158402017101601139e+07
2.372773986463622376e+07
2.597297639310150221e+07
2.831972975641185045e+07
3.076799995456726849e+07
3.331778698756774887e+07
3.596909085541329533e+07
3.872191155810390413e+07
4.157624909563958645e+07
4.453210346802033484e+07
4.758947467524614185e+07
5.074836271731702983e+07
4.054370362640793622e+07
3.772572467524614930e+07
3.500926255892942846e+07
3.239431727745777369e+07
2.988088883083118498e+07
2.746897721904965863e+07
2.515858244211320579e+07
2.294970450002181157e+07
2.084234339277549088e+07
1.883649912037423626e+07
1.693217168281804398e+07
1.512936108010692149e+07
1.342806731224086508e+07
1.182829037921987474e+07
1.033003028104395047e+07
8.933287017713095993e+06
7.638060589227306657e+06
6.444350995586583391e+06
5.352158236790927127e+06
4.361482312840336934e+06
3.472323223734814208e+06
2.684680969474357553e+06
1.998555550058967900e+06
1.413946965488644782e+06
9.308552157633883180e+05
5.492803008831985062e+05
2.692222208480753470e+05
9.068097565801882592e+04
1.365656531302894109e+04
3.814898981310568342e+04
1.641582491582491202e+05
3.916843433484591660e+05
7.207272723837358644e+05
1.151287036264079157e+06
1.683363634989489336e+06
2.316957068559966050e+06
3.052067336975508370e+06
3.888694440236119088e+06
4.826838378341795877e+06
5.866499151292537339e+06
7.007676759088348597e+06
8.250371201729225926e+06
9.594582479215169325e+06
1.104031059154617973e+07
1.258755553872225620e+07
1.423631732074339874e+07
1.598659593760960922e+07
1.783839138932088390e+07
1.979170367587722838e+07
2.184653279727863893e+07
2.400287875352511182e+07
2.626074154461665824e+07
2.862012117055326700e+07
3.108101763133494556e+07
3.364343092696169019e+07
3.630736105743350089e+07
3.907280802275037766e+07
4.193977182291232049e+07
4.490825245791932940e+07
4.797824992777139693e+07
5.114976423246854544e+07
4.018920446815878153e+07
3.738385177962325513e+07
3.468001592593279481e+07
3.207769690708739683e+07
2.957689472308707610e+07
2.717760937393181399e+07
2.487984085962162167e+07
2.268358918015649170e+07
2.058885433553643152e+07
1.859563632576144114e+07
1.670393515083151311e+07
1.491375081074665301e+07
1.322508330550685897e+07
1.163793263511213101e+07
1.015229879956247099e+07
8.768181798857877031e+06
7.485581632998350076e+06
6.304498301983890124e+06
5.224931805814495310e+06
4.246882144490169361e+06
3.370349318010908552e+06
2.595333326376714278e+06
1.921834169587587705e+06
1.349851847643526969e+06
8.793863605445331195e+05
5.104377082906059804e+05
2.430058908817454067e+05
7.709090831795145641e+04
1.269276059922423519e+04
4.981144772556362295e+04
1.884469696969696379e+05
4.285993265134423855e+05
7.702685181749818148e+05
1.213454544681587722e+06
1.758157406033260748e+06
2.404377102229999378e+06
3.152113633271805942e+06
4.001366999158678111e+06
4.952137199890618213e+06
6.004424235467623919e+06
7.158228105889695697e+06
8.413548811156835407e+06
9.770386351269042119e+06
1.122874072622631304e+07
1.278861193602865189e+07
1.444999998067606054e+07
1.621290486016852967e+07
1.807732657450607046e+07
2.004326512368867919e+07
2.211072050771634653e+07
2.427969272658908740e+07
2.655018178030689061e+07
2.892218766886976734e+07
3.139571039227770641e+07
3.397074995053070784e+07
3.664730634362878650e+07
3.942537957157192379e+07
4.230496963436011970e+07
4.528607653199340403e+07
4.836870026447173953e+07
5.155284083179514855e+07
3.983638039408471435e+07
3.704365396817544103e+07
3.435244437711124122e+07
3.176275162089211866e+07
2.927457569951804727e+07
2.688791661298905313e+07
2.460277436130512133e+07
2.241914894446625188e+07
2.033704036247246340e+07
1.835644861532372981e+07
1.647737370302006416e+07
1.469981562556146644e+07
1.302377438294793852e+07
1.144924997517947108e+07
9.976242402256073430e+06
8.604751664177741855e+06
7.334777760944479145e+06
6.166320692556279711e+06
5.099380459013150074e+06
4.133957060315084644e+06
3.270050496462087147e+06
2.507660767454155255e+06
1.846787873291291296e+06
1.287431813973493408e+06
8.295925895007621730e+05
4.732701998730975320e+05
2.184646450904996309e+05
6.517592515296830243e+04
1.340404006050369026e+04
6.314898981310569070e+04
2.144107744107744074e+05
4.671893938535097986e+05
8.214848481413116679e+05
1.277297137274180306e+06
1.834626261252115946e+06
2.493472220075117890e+06
3.253835013743185904e+06
4.115714642256321386e+06
5.079111105614521541e+06
6.144024403817791492e+06
7.310454536866126582e+06
8.578401504759527743e+06
9.947865307497998700e+06
1.141884594508153200e+07
1.299134341751013324e+07
1.466535772478380240e+07
1.644088886690253764e+07
1.831793684386634082e+07
2.029650165567520633e+07
2.237658330232914537e+07
2.455818178382814676e+07
2.684129710017221794e+07
2.922592925136134773e+07
3.171207823739554733e+07
3.429974405827482045e+07
3.698892671399915218e+07
3.977962620456854999e+07
4.267184252998302132e+07
4.566557569024255872e+07
4.876082568534715474e+07
5.195759251529682428e+07
3.948523140418571979e+07
3.670513124090272188e+07
3.402654791246478260e+07
3.144948141887191683e+07
2.897393176012410969e+07
2.659989893622137234e+07
2.432738294716370851e+07
2.215638379295110703e+07
2.008690147358357161e+07
1.811893598906110600e+07
1.625248733938370086e+07
1.448755552455136552e+07
1.282414054456409812e+07
1.126224239942189492e+07
9.801861089124761522e+06
8.442996613672692329e+06
7.185648973065689206e+06
6.029818167303754948e+06
4.975504196386886761e+06
4.022707060315084644e+06
3.171426759088349063e+06
2.421663292706680950e+06
1.773416661170079140e+06
1.226686864478543866e+06
7.814739026320752455e+05
4.377777756306733354e+05
1.955984834743379906e+05
5.493602616306931304e+04
1.579040369686732629e+04
7.816161607573194487e+04
2.420496632996632834e+05
5.074545453686612309e+05
8.743762622827260057e+05
1.342814814041856909e+06
1.912770200646055164e+06
2.584242422095319256e+06
3.357231478389650583e+06
4.231737369529048912e+06
5.207760095513512380e+06
6.285299656343044713e+06
7.464356052017642185e+06
8.744929282537307590e+06
1.012701934790203720e+07
1.161062624811183289e+07
1.319574998316669837e+07
1.488239055306662992e+07
1.667054795781162567e+07
1.856022219740169495e+07
2.055141327183682472e+07
2.264412118111702427e+07
2.483834592524228618e+07
2.713408750421261415e+07
2.953134591802801564e+07
3.203012116668847948e+07
3.463041325019401312e+07
3.733222216854461282e+07
4.013554792174027115e+07
4.304039050978100300e+07
4.604674993266680092e+07
4.915462619039765745e+07
5.236401928297358751e+07
3.913575749846181273e+07
3.636828359780507535e+07
3.370232653199339658e+07
3.113788630102679133e+07
2.867496290490525216e+07
2.631355634362878278e+07
2.405366661719737947e+07
2.189529372561103851e+07
1.983843766886976361e+07
1.788309844697356224e+07
1.602927605992242135e+07
1.427697050771634839e+07
1.262618179035534151e+07
1.107690990783940256e+07
9.629154860168531537e+06
8.282916647342725657e+06
7.038195269361986779e+06
5.894990726226313040e+06
4.853303017935708165e+06
3.913132144490168896e+06
3.074478105889696628e+06
2.337340902134290431e+06
1.701720533223951003e+06
1.167616999158678344e+06
7.350302999384725699e+05
4.039604355633330997e+05
1.744074060332605732e+05
4.637121134825450281e+04
1.985185150831513965e+04
9.484932651344237092e+04
2.713636363636364113e+05
5.493947810588969151e+05
9.289427605992242461e+05
1.410007574984618230e+06
1.992589224215078866e+06
2.676687708290605806e+06
3.462303027211199980e+06
4.349435180976860225e+06
5.338084169587587006e+06
6.428249993043380789e+06
7.619932651344240643e+06
8.913132144490169361e+06
1.030784847248116322e+07
1.180408163531722128e+07
1.340183163299834915e+07
1.510109846552454308e+07
1.690188213289580122e+07
1.880418263511213288e+07
2.080799997217352688e+07
2.291333414407998696e+07
2.512018515083150566e+07
2.742855299242810160e+07
2.983843766886976734e+07
3.234983918015649170e+07
3.496275752628828585e+07
3.767719270726513863e+07
4.049314472308707237e+07
4.341061357375406474e+07
4.642959925926613808e+07
4.955010177962324768e+07
5.277212113482545316e+07
3.878795867691299319e+07
3.603311103888251632e+07
3.337978023569709808e+07
3.082796626735676080e+07
2.837766913386148214e+07
2.602888883521127701e+07
2.378162537140612677e+07
2.163587874244605750e+07
1.959164894833104685e+07
1.764893598906110227e+07
1.580773986463622563e+07
1.406806057505641319e+07
1.242989812032167241e+07
1.089325250043199770e+07
9.458123715387387201e+06
8.124511765187844634e+06
6.892416649833368137e+06
5.761838369323956780e+06
4.732776923659614287e+06
3.805232312840337399e+06
2.979204536866127048e+06
2.254693595736984164e+06
1.631699489452907350e+06
1.110222218013897538e+06
6.902617814199540298e+05
3.718181796710773488e+05
1.548914127672672621e+05
3.948148070852387173e+04
2.558838349484712307e+04
1.132121211262369907e+05
3.023526936026936164e+05
5.930101009242167929e+05
9.851843430908063892e+05
1.478875420102462871e+06
2.074083331959186587e+06
2.770808078660976142e+06
3.569049660207832698e+06
4.468808076599755324e+06
5.470083327836745419e+06
6.572875413918801583e+06
7.777184334845925681e+06
9.083010090618114918e+06
1.049035268123537302e+07
1.199921210669769347e+07
1.360958836700508557e+07
1.532148146215754189e+07
1.713489139215506613e+07
1.904981815699765459e+07
2.106626175668531284e+07
2.318422219121802971e+07
2.540369946059582010e+07
2.772469356481868029e+07
3.014720450388660282e+07
3.267123227779958770e+07
3.529677688655764610e+07
3.802383833016077429e+07
4.085241660860896111e+07
4.378251172190220654e+07
4.681412367004054040e+07
4.994725245302392542e+07
5.318189807085238397e+07
3.844183493953925371e+07
3.569961356413504481e+07
3.305890902357588708e+07
3.051972131786181405e+07
2.808205044699279591e+07
2.574589641096884757e+07
2.351125920978997275e+07
2.137813884345615655e+07
1.934653531196741015e+07
1.741644861532372981e+07
1.558787875352511369e+07
1.386082572657156922e+07
1.223528953446308710e+07
1.071127017719967477e+07
9.288767654781326652e+06
7.967781967208045535e+06
6.748313114479831420e+06
5.630361096596685238e+06
4.613925913558603264e+06
3.699007565365589689e+06
2.885606052017642185e+06
2.173721373514762148e+06
1.563353529856947716e+06
1.054502521044200519e+06
6.471683470765196253e+05
3.413510079539055587e+05
1.370505036763581738e+05
3.426683424387739797e+04
3.299999965646330384e+04
1.332499999141157605e+05
3.350168350168350735e+05
6.383005049646209227e+05
1.043101009757473250e+06
1.549418349395392463e+06
2.157252523878378328e+06
2.866603533206430729e+06
3.677471377379550599e+06
4.589856056397736073e+06
5.603757570260987617e+06
6.719175918969307095e+06
7.936111102522693574e+06
9.254563120921146125e+06
1.067453197416466475e+07
1.219601766225325130e+07
1.381902018518690206e+07
1.554353954296562076e+07
1.736957573558940738e+07
1.929712876305826008e+07
2.132619862537217885e+07
2.345678532253116369e+07
2.568888885453521833e+07
2.802250922138433158e+07
3.045764642307851836e+07
3.299430045961777493e+07
3.563247133100208640e+07
3.837215903723148257e+07
4.121336357830592245e+07
4.415608495422544330e+07
4.720032316499003768e+07
5.034607821059969068e+07
5.359335009105441719e+07
3.809738628634060174e+07
3.536779117356265336e+07
3.273971289562976360e+07
3.021315145254194364e+07
2.778810684429919720e+07
2.546457907090150565e+07
2.324256813234889880e+07
2.112207402864133939e+07
1.910309675977885723e+07
1.718563632576143742e+07
1.536969272658908926e+07
1.365526596226180159e+07
1.204235603277958557e+07
1.053096293814243563e+07
9.121086678350349888e+06
7.812727253403332084e+06
6.605884663301380351e+06
5.500558908044495620e+06
4.496749987632677890e+06
3.594457902065926697e+06
2.793682651344242040e+06
2.094424235467623686e+06
1.496682654436072335e+06
1.000457908249587519e+06
6.057499969081694726e+05
3.125589204118180787e+05
1.208846787605332793e+05
3.072727195431510700e+04
4.208669999316361645e+04
1.549629628770787676e+05
3.693560606060605496e+05
6.852659931801089551e+05
1.102692760599223897e+06
1.621636362863406073e+06
2.242096799972654786e+06
2.964074071926969104e+06
3.787568178726351354e+06
4.712579120370799676e+06
5.739106896860313602e+06
6.867151508194897324e+06
8.096712954374544322e+06
9.427791235399261117e+06
1.086038635126904026e+07
1.239449830198388919e+07
1.403012708754380420e+07
1.576727270794878528e+07
1.760593516319883615e+07
1.954611445329394937e+07
2.158781057823413610e+07
2.373102353801938146e+07
2.597575333264969289e+07
2.832199996212507412e+07
3.076976342644552141e+07
3.331904372561104223e+07
3.596984085962162167e+07
3.872215482847726345e+07
4.157598563217798620e+07
4.453133327072376758e+07
4.758819774411462247e+07
5.074657905235052854e+07
5.400647719543150067e+07
3.775461271731702238e+07
3.503764386716534197e+07
3.242219185185871646e+07
2.990825667139716819e+07
2.749583832578067482e+07
2.518493681500925496e+07
2.297555213908290118e+07
2.086768429800160974e+07
1.886133329176539183e+07
1.695649912037423253e+07
1.515318178382814489e+07
1.345138128212712519e+07
1.185109761527116597e+07
1.035233078326028213e+07
8.955080786094456911e+06
7.659347623773702420e+06
6.465131296298013069e+06
5.372431803667392582e+06
4.381249145881837234e+06
3.491583322941347491e+06
2.703434334845925216e+06
2.016802181595569709e+06
1.431686863190281205e+06
9.480883796300588874e+05
5.660067309149035718e+05
2.854419170448147343e+05
1.063939380197925348e+05
2.886279383983698790e+04
5.284848450494814460e+04
1.783510100151258812e+05
4.053703703703703941e+05
7.339065655706813559e+05
1.163959595616058912e+06
1.695529460506503470e+06
2.328616160242014565e+06
3.063219694822592195e+06
3.899340064248236362e+06
4.836977268518947065e+06
5.876131307634725235e+06
7.016802181595568545e+06
8.258989890401479788e+06
9.602694434052458033e+06
1.104791581254850328e+07
1.259465402588961273e+07
1.424290907407579198e+07
1.599268095710703544e+07
1.784396967498334497e+07
1.979677522770472243e+07
2.185109761527116969e+07
2.400693683768268302e+07
2.626429289493925497e+07
2.862316578704089671e+07
3.108355551398760825e+07
3.364546207577939332e+07
3.630888547241622955e+07
3.907382570389814675e+07
4.194028277022512257e+07
4.490825667139716446e+07
4.797774740741427243e+07
5.114875497827645391e+07
5.442127938398369402e+07
3.741351423246854544e+07
3.470917164494311810e+07
3.210634589226276055e+07
2.960503697442746535e+07
2.720524489143724367e+07
2.490696964329208061e+07
2.271021122999199480e+07
2.061496965153696388e+07
1.862124490792700648e+07
1.672903699916211516e+07
1.493834592524228804e+07
1.324917168616752699e+07
1.166151428193783574e+07
1.017537371255320869e+07
8.790749978013649583e+06
7.507643078319156542e+06
6.326053013469729573e+06
5.245979783465370536e+06
4.267423388306078501e+06
3.390383827991852537e+06
2.614861102522692643e+06
1.940855211898600217e+06
1.368366156119574094e+06
8.973939351856146241e+05
5.279385490967216901e+05
2.599999978528955544e+05
9.357828145413599850e+04
2.867339990044306614e+04
6.528535319181681552e+04
2.034141413282571593e+05
4.430597643097641994e+05
7.842222221363378922e+05
1.226901514807978412e+06
1.771097642324685352e+06
2.416810604686459061e+06
3.164040401893299539e+06
4.012787033945206087e+06
4.963050500842179172e+06
6.014830802584219724e+06
7.168127939171327278e+06
8.422941910603500903e+06
9.779272716880742460e+06
1.123712035800305009e+07
1.279648483397042379e+07
1.445736614478286169e+07
1.621976429044037126e+07
1.808367927094294131e+07
2.004911108629058301e+07
2.211605973648329079e+07
2.428452522152106464e+07
2.655450754140390456e+07
2.892600669613180682e+07
3.139902268570477888e+07
3.397355551012282073e+07
3.664960516938592494e+07
3.942717166349409521e+07
4.230625499244734645e+07
4.528685515624565631e+07
4.836897215488901734e+07
5.155260598837746680e+07
5.483775665671096742e+07
3.707409083179514110e+07
3.438237450689598173e+07
3.179217501684188470e+07
2.930349236163285002e+07
2.691632654126888886e+07
2.463067755574999750e+07
2.244654540507616475e+07
2.036393008924740180e+07
1.838283160826370865e+07
1.650324996212507412e+07
1.472518515083151311e+07
1.304863717438301444e+07
1.147360603277958557e+07
1.000009172602122277e+07
8.628094254107926041e+06
7.357613617039696313e+06
6.188649814816532657e+06
5.121202847438435070e+06
4.155272714905404951e+06
3.290859417217441369e+06
2.527962954374544788e+06
1.866583326376714511e+06
1.306720533223951235e+06
8.483745749162542634e+05
4.915454514536241186e+05
2.362331628360604809e+05
8.243770906356355408e+04
3.015909013613329444e+04
7.939730605376965832e+04
2.301523568164726603e+05
4.824242424242424313e+05
8.362129628770785639e+05
1.291518518174981931e+06
1.848340908317951486e+06
2.506680133305987343e+06
3.266536193139090203e+06
4.127909087817260064e+06
5.090798817340495996e+06
6.155205381708798930e+06
7.321128780922168866e+06
8.588569014980604872e+06
9.957526083884106949e+06
1.142799998763267696e+07
1.299999072622631304e+07
1.467349829966501892e+07
1.644852270794878714e+07
1.832506395107762143e+07
2.030312202905152738e+07
2.238269694187049568e+07
2.456378868953453004e+07
2.684639727204363048e+07
2.923052268939780071e+07
3.171616494159703702e+07
3.430332402864134312e+07
3.699199995053071529e+07
3.978219270726513863e+07
4.267390229884465039e+07
4.566712872526922077e+07
4.876187198653885722e+07
5.195813208265355229e+07
5.525590901361332089e+07
3.673634251529683173e+07
3.405725245302392542e+07
3.147967922559609264e+07
2.900362283301332593e+07
2.662908327527562529e+07
2.435606055238299444e+07
2.218455466433542594e+07
2.011456561113292724e+07
1.814609339277548715e+07
1.627913800926312618e+07
1.451369946059582382e+07
1.284977774677358754e+07
1.128737286779642105e+07
9.826484823664320633e+06
8.467113614377286285e+06
7.209259239935318939e+06
6.052921700338416733e+06
4.998100995586583391e+06
4.044797125679815654e+06
3.193010090618114453e+06
2.442739890401481185e+06
1.793986525029913289e+06
1.246749994503412396e+06
8.010302988219781546e+05
4.568274379856105661e+05
2.141414119943096593e+05
7.297222084807537613e+04
3.331986454690770915e+04
9.518434309080670937e+04
2.585656564797723258e+05
5.234638047138047405e+05
8.898787877929036040e+05
1.357810605717069004e+06
1.927259258486301173e+06
2.598224746100600343e+06
3.370707068559965584e+06
4.244706225864397362e+06
5.220222218013896607e+06
6.297255045008461922e+06
7.475804706848094240e+06
8.755871203532794490e+06
1.013745453506255895e+07
1.162055470143739134e+07
1.320517170265729167e+07
1.489130553872225434e+07
1.667895620963228866e+07
1.856812371538738534e+07
2.055880805598755181e+07
2.265100923143278807e+07
2.484472724172308296e+07
2.713996208685844764e+07
2.953671376683887467e+07
3.203498228166437894e+07
3.463476763133494556e+07
3.733606981585057080e+07
4.013888883521127701e+07
4.304322468941704184e+07
4.604907737846788019e+07
4.915644690236376971e+07
5.236533326110472530e+07
5.567573645469076186e+07
3.640026928297359496e+07
3.373380548332695663e+07
3.116885851852538809e+07
2.870542838856888190e+07
2.634351509345744178e+07
2.408311863319107518e+07
2.192423900776976719e+07
1.986687621719352901e+07
1.791103026146236062e+07
1.605670114057625644e+07
1.430388885453521460e+07
1.265259340333924629e+07
1.110281478698833846e+07
9.654553005482502282e+06
8.307808058821729384e+06
7.062579947006025352e+06
5.918868670035387389e+06
4.876674227909816429e+06
3.935996620629311074e+06
3.096835848193872720e+06
2.359191910603501368e+06
1.723064807858196087e+06
1.188454539957957808e+06
7.553611069027864141e+05
4.237845086926813237e+05
1.937247453276429733e+05
6.518181680767131184e+04
3.815572313276628120e+04
1.126464643029279541e+05
2.886540403181561851e+05
5.661784511784511851e+05
9.452196968838126631e+05
1.425777777434240794e+06
2.007852692829736043e+06
2.691444443070297595e+06
3.476553028155925684e+06
4.363178448086621240e+06
5.351320702862382866e+06
6.440979792483210564e+06
7.632155716949105263e+06
8.924848476260066032e+06
1.031905807041609474e+07
1.181478449941718765e+07
1.341202776326334849e+07
1.511078786195457727e+07
1.691106479549087211e+07
1.881285856387223676e+07
2.081616916709866375e+07
2.292099660517015681e+07
2.512734087808671966e+07
2.743520198584834486e+07
2.984457992845504358e+07
3.235547470590680093e+07
3.496788631820363551e+07
3.768181476534552127e+07
4.049726004733248055e+07
4.341422216416450590e+07
4.643270111584160477e+07
4.955269690236376971e+07
5.277420952373100817e+07
5.609723897994329780e+07
3.606587113482544571e+07
3.341203359780507162e+07
3.085971289562976733e+07
2.840890902829952538e+07
2.605962199581434950e+07
2.381185179817423597e+07
2.166559843537919596e+07
1.962086190742921829e+07
1.767764221432431042e+07
1.583593935606447048e+07
1.409575333264969476e+07
1.245708414407998510e+07
1.091993179035534337e+07
9.484296271475767717e+06
8.150177587441259064e+06
6.917575738251816481e+06
5.786490723907441832e+06
4.756922544408132322e+06
3.828871199753890280e+06
3.002336689944714308e+06
2.277319014980605803e+06
1.653818174861563137e+06
1.131834169587587705e+06
7.113669991586784599e+05
3.924166635748362169e+05
1.749831628360605391e+05
5.906649694235144125e+04
4.466666589370905422e+04
1.317836696901333053e+05
3.204175083316241507e+05
6.105681818181817653e+05
1.002235690149805858e+06
1.495420033326496836e+06
2.090121211348254001e+06
2.786339224215078633e+06
3.584074071926969569e+06
4.483325754483927041e+06
5.484094271885951050e+06
6.586379624133041129e+06
7.790181811225200072e+06
9.095500833162423223e+06
1.050233668994471245e+07
1.201068938157207333e+07
1.362055890804449469e+07
1.533194526936198398e+07
1.714484846552454680e+07
1.905926849653216824e+07
2.107520536238485947e+07
2.319265906308261678e+07
2.541162959862543643e+07
2.773211696901332587e+07
3.015412117424628511e+07
3.267764221432431042e+07
3.530268008924740553e+07
3.802923479901555926e+07
4.085730634362878650e+07
4.378689472308707237e+07
4.681799993739043921e+07
4.995062198653885722e+07
5.318476087053234875e+07
5.652041658937090635e+07
3.573314807085238397e+07
3.309193679645827413e+07
3.055224235690922663e+07
2.811406475220524520e+07
2.577740398234633356e+07
2.354226004733248800e+07
2.140863294716370478e+07
1.937652268183999509e+07
1.744592925136134773e+07
1.561685265572776832e+07
1.388929289493925683e+07
1.226324996899581142e+07
1.073872387789743021e+07
9.315714621644116938e+06
7.994222200235871598e+06
6.774246613672693260e+06
5.655787861954579130e+06
4.638845945081532933e+06
3.723420863053553738e+06
2.909512615870640147e+06
2.197121203532794025e+06
1.586246626040014671e+06
1.076888883392301388e+06
6.690479755896549905e+05
3.627239026320751873e+05
1.579166645195621822e+05
5.462626125211576436e+04
5.285269282973599911e+04
1.525959592524228792e+05
3.538560605201763101e+05
6.566329966329965973e+05
1.060926767590883421e+06
1.566737373393837363e+06
2.174064814041857142e+06
2.882909089534944389e+06
3.693270199873097241e+06
4.605148145056317560e+06
5.618542925084603950e+06
6.733454539957958274e+06
7.949882989676378667e+06
9.267828274239864200e+06
1.068729039364841580e+07
1.220826934790203720e+07
1.383076513700072467e+07
1.555477776094447821e+07
1.738030721973329782e+07
1.930735351336718351e+07
2.133591664184613898e+07
2.346599660517015308e+07
2.569759340333924443e+07
2.803070703635339439e+07
3.046533750421261415e+07
3.300148480691690743e+07
3.563914894446625561e+07
3.837832991686067730e+07
4.121902772410017252e+07
4.416124236618471891e+07
4.720497384311433882e+07
5.035022215488902479e+07
5.359698730150876939e+07
5.694526928297359496e+07
3.540210009105440229e+07
3.277351507928655669e+07
3.024644690236377344e+07
2.782089556028605253e+07
2.549686105305340514e+07
2.327434338066581637e+07
2.115334254312330484e+07
1.913385854042585567e+07
1.721589137257346883e+07
1.539944103956615366e+07
1.368450754140390269e+07
1.207109087808671966e+07
1.055919104961460270e+07
9.148808055987553671e+06
7.839941897205567919e+06
6.632592573268651962e+06
5.526760084176802076e+06
4.522444429930017330e+06
3.619645610528300982e+06
2.818363625971650239e+06
2.118598476260066964e+06
1.520350161393549526e+06
1.023618681372099323e+06
6.284040361957157729e+05
3.347062258643984678e+05
1.425252503781480191e+05
5.186110973696423025e+04
6.271380394084711588e+04
1.750833329897966178e+05
3.889696968838126631e+05
7.043728956228955649e+05
1.121292929207045119e+06
1.639729797636261210e+06
2.259683500910543837e+06
2.981154039029893465e+06
3.804141411994308699e+06
4.728645619803791866e+06
5.754666662458342500e+06
6.882204539957957342e+06
8.111259252302641049e+06
9.441830799492388964e+06
1.087391918152720854e+07
1.240752439840709046e+07
1.404264645013203844e+07
1.577928533670205250e+07
1.761744105811713636e+07
1.955711361437728256e+07
2.159830300548249856e+07
2.374100923143278435e+07
2.598523229222813249e+07
2.833097218786854669e+07
3.077822891835403442e+07
3.332700248368458077e+07
3.597729288386020064e+07
3.872910011888087541e+07
4.158242418874662369e+07
4.453726509345743805e+07
4.759362283301331848e+07
5.075149740741427243e+07
5.401088881666029990e+07
5.737179706075136364e+07
3.507272719543150812e+07
3.245676844628992304e+07
2.994232653199340031e+07
2.752940145254194736e+07
2.521799320793556049e+07
2.300810179817423597e+07
2.089972722325798124e+07
1.889286948318680003e+07
1.698752857796067744e+07
1.518370450757962093e+07
1.348139727204363421e+07
1.188060687135271169e+07
1.038133330550685711e+07
8.983576574506070465e+06
7.687336678350350820e+06
6.492613617039695382e+06
5.399407390574107878e+06
4.407717998953586444e+06
3.517545442178132478e+06
2.728889720247744583e+06
2.041750833162423456e+06
1.456128780922169331e+06
9.720235635269815102e+05
5.894351809768603416e+05
3.083636332718059421e+05
1.288089204118180787e+05
5.077104239689691167e+04
7.424999922704238270e+04
1.992457909022545209e+05
4.257584174225332681e+05
7.537878787878787844e+05
1.183334174998290837e+06
1.714397306053769775e+06
2.346977271954314783e+06
3.081074072699927725e+06
3.916687708290605340e+06
4.853818178726350889e+06
5.892465484007162973e+06
7.032629624133040197e+06
8.274310599103987217e+06
9.617508408919997513e+06
1.106222305358107947e+07
1.260845453308722377e+07
1.425620284743843600e+07
1.600546799663471244e+07
1.785624998067605868e+07
1.980854879956247285e+07
2.186236445329394937e+07
2.401769694187049195e+07
2.627454626529210806e+07
2.863291242355878279e+07
3.109279541667052731e+07
3.365419524462734163e+07
3.631711190742921829e+07
3.908154540507616103e+07
4.194749573756816983e+07
4.491496290490525216e+07
4.798394690708740056e+07
5.115444774411462247e+07
5.442646541598688811e+07
5.779999992270423472e+07
